77 76.395 75.66 74.828 73.93 73 72.07 71.172 70.34 69.605 69 68.541 68.178 67.845 67.474 67 66.389 65.746 65.208 64.913 65 65.558 66.486 67.635 68.856 70 70.962 71.821 72.698 73.717 75 76.64 78.613 80.867 83.347 86 88.773 91.613 94.467 97.28 100 102.57 104.95 107.07 108.88
77 76.395 75.66 74.828 73.93 73 72.07 71.172 70.34 69.605 69 68.541 68.178 67.845 67.474 67 66.389 65.746 65.208 64.913 65 65.558 66.486 67.635 68.856 70 70.962 71.821 72.698 73.717 75 76.64 78.613 80.867 83.347 86 88.773 91.613 94.467 97.28 100 102.57 104.95 107.07 108.88
77 76.395 75.66 74.828 73.93 73 72.07 71.172 70.34 69.605 69 68.541 68.178 67.845 67.474 67 66.389 65.746 65.208 64.913 65 65.558 66.486 67.635 68.856 70 70.962 71.821 72.698 73.717 75 76.64 78.613 80.867 83.347 86 88.773 91.613 94.467 97.28 100 102.57 104.95 107.07 108.88
77 76.395 75.66 74.828 73.93 73 72.07 71.172 70.34 69.605 69 68.541 68.178 67.845 67.474 67 66.389 65.746 65.208 64.913 65 65.558 66.486 67.635 68.856 70 70.962 71.821 72.698 73.717 75 76.64 78.613 80.867 83.347 86 88.773 91.613 94.467 97.28 100 102.57 104.95 107.07 108.88
77 76.395 75.66 74.828 73.93 73 72.07 71.172 70.34 69.605 69 68.541 68.178 67.845 67.474 67 66.389 65.746 65.208 64.913 65 65.558 66.486 67.635 68.856 70 70.962 71.821 72.698 73.717 75 76.64 78.613 80.867 83.347 86 88.773 91.613 94.467 97.28 100 102.57 104.95 107.07 108.88
77 76.395 75.66 74.828 73.93 73 72.07 71.172 70.34 69.605 69 68.541 68.178 67.845 67.474 67 66.389 65.746 65.208 64.913 65 65.558 66.486 67.635 68.856 70 70.962 71.821 72.698 73.717 75 76.64 78.613 80.867 83.347 86 88.773 91.613 94.467 97.28 100 102.57 104.95 107.07 108.88
77 76.395 75.66 74.828 73.93 73 72.07 71.172 70.34 69.605 69 68.541 68.178 67.845 67.474 67 66.389 65.746 65.208 64.913 65 65.558 66.486 67.635 68.856 70 70.962 71.821 72.698 73.717 75 76.64 78.613 80.867 83.347 86 88.773 91.613 94.467 97.28 100 102.57 104.95 107.07 108.88
77 76.395 75.66 74.828 73.93 73 72.07 71.172 70.34 69.605 69 68.541 68.178 67.845 67.474 67 66.389 65.746 65.208 64.913 65 65.558 66.486 67.635 68.856 70 70.962 71.821 72.698 73.717 75 76.64 78.613 80.867 83.347 86 88.773 91.613 94.467 97.28 100 102.57 104.95 107.07 108.88
77 76.395 75.66 74.828 73.93 73 72.07 71.172 70.34 69.605 69 68.541 68.178 67.845 67.474 67 66.389 65.746 65.208 64.913 65 65.558 66.486 67.635 68.856 70 70.962 71.821 72.698 73.717 75 76.64 78.613 80.867 83.347 86 88.773 91.613 94.467 97.28 100 102.57 104.95 107.07 108.88
77 76.395 75.66 74.828 73.93 73 72.07 71.172 70.34 69.605 69 68.541 68.178 67.845 67.474 67 66.389 65.746 65.208 64.913 65 65.558 66.486 67.635 68.856 70 70.962 71.821 72.698 73.717 75 76.64 78.613 80.867 83.347 86 88.773 91.613 94.467 97.28 100 102.57 104.95 107.07 108.88
77 76.395 75.66 74.828 73.93 73 72.07 71.172 70.34 69.605 69 68.541 68.178 67.845 67.474 67 66.389 65.746 65.208 64.913 65 65.558 66.486 67.635 68.856 70 70.962 71.821 72.698 73.717 75 76.64 78.613 80.867 83.347 86 88.773 91.613 94.467 97.28 100 102.57 104.95 107.07 108.88
77 76.395 75.66 74.828 73.93 73 72.07 71.172 70.34 69.605 69 68.541 68.178 67.845 67.474 67 66.389 65.746 65.208 64.913 65 65.558 66.486 67.635 68.856 70 70.962 71.821 72.698 73.717 75 76.64 78.613 80.867 83.347 86 88.773 91.613 94.467 97.28 100 102.57 104.95 107.07 108.88
77 76.395 75.66 74.828 73.93 73 72.07 71.172 70.34 69.605 69 68.541 68.178 67.845 67.474 67 66.389 65.746 65.208 64.913 65 65.558 66.486 67.635 68.856 70 70.962 71.821 72.698 73.717 75 76.64 78.613 80.867 83.347 86 88.773 91.613 94.467 97.28 100 102.57 104.95 107.07 108.88
77 76.395 75.66 74.828 73.93 73 72.07 71.172 70.34 69.605 69 68.541 68.178 67.845 67.474 67 66.389 65.746 65.208 64.913 65 65.558 66.486 67.635 68.856 70 70.962 71.821 72.698 73.717 75 76.64 78.613 80.867 83.347 86 88.773 91.613 94.467 97.28 100 102.57 104.95 107.07 108.88
77 76.395 75.66 74.828 73.93 73 72.07 71.172 70.34 69.605 69 68.541 68.178 67.845 67.474 67 66.389 65.746 65.208 64.913 65 65.558 66.486 67.635 68.856 70 70.962 71.821 72.698 73.717 75 76.64 78.613 80.867 83.347 86 88.773 91.613 94.467 97.28 100 102.57 104.95 107.07 108.88
77 76.395 75.66 74.828 73.93 73 72.07 71.172 70.34 69.605 69 68.541 68.178 67.845 67.474 67 66.389 65.746 65.208 64.913 65 65.558 66.486 67.635 68.856 70 70.962 71.821 72.698 73.717 75 76.64 78.613 80.867 83.347 86 88.773 91.613 94.467 97.28 100 102.57 104.95 107.07 108.88
77 76.395 75.66 74.828 73.93 73 72.07 71.172 70.34 69.605 69 68.541 68.178 67.845 67.474 67 66.389 65.746 65.208 64.913 65 65.558 66.486 67.635 68.856 70 70.962 71.821 72.698 73.717 75 76.64 78.613 80.867 83.347 86 88.773 91.613 94.467 97.28 100 102.57 104.95 107.07 108.88
77 76.395 75.66 74.828 73.93 73 72.07 71.172 70.34 69.605 69 68.541 68.178 67.845 67.474 67 66.389 65.746 65.208 64.913 65 65.558 66.486 67.635 68.856 70 70.962 71.821 72.698 73.717 75 76.64 78.613 80.867 83.347 86 88.773 91.613 94.467 97.28 100 102.57 104.95 107.07 108.88
77 76.395 75.66 74.828 73.93 73 72.07 71.172 70.34 69.605 69 68.541 68.178 67.845 67.474 67 66.389 65.746 65.208 64.913 65 65.558 66.486 67.635 68.856 70 70.962 71.821 72.698 73.717 75 76.64 78.613 80.867 83.347 86 88.773 91.613 94.467 97.28 100 102.57 104.95 107.07 108.88
77 76.395 75.66 74.828 73.93 73 72.07 71.172 70.34 69.605 69 68.541 68.178 67.845 67.474 67 66.389 65.746 65.208 64.913 65 65.558 66.486 67.635 68.856 70 70.962 71.821 72.698 73.717 75 76.64 78.613 80.867 83.347 86 88.773 91.613 94.467 97.28 100 102.57 104.95 107.07 108.88
77 76.395 75.66 74.828 73.93 73 72.07 71.172 70.34 69.605 69 68.541 68.178 67.845 67.474 67 66.389 65.746 65.208 64.913 65 65.558 66.486 67.635 68.856 70 70.962 71.821 72.698 73.717 75 76.64 78.613 80.867 83.347 86 88.773 91.613 94.467 97.28 100 102.57 104.95 107.07 108.88
77 76.395 75.66 74.828 73.93 73 72.07 71.172 70.34 69.605 69 68.541 68.178 67.845 67.474 67 66.389 65.746 65.208 64.913 65 65.558 66.486 67.635 68.856 70 70.962 71.821 72.698 73.717 75 76.64 78.613 80.867 83.347 86 88.773 91.613 94.467 97.28 100 102.57 104.95 107.07 108.88
77 76.395 75.66 74.828 73.93 73 72.07 71.172 70.34 69.605 69 68.541 68.178 67.845 67.474 67 66.389 65.746 65.208 64.913 65 65.558 66.486 67.635 68.856 70 70.962 71.821 72.698 73.717 75 76.64 78.613 80.867 83.347 86 88.773 91.613 94.467 97.28 100 102.57 104.95 107.07 108.88
77 76.395 75.66 74.828 73.93 73 72.07 71.172 70.34 69.605 69 68.541 68.178 67.845 67.474 67 66.389 65.746 65.208 64.913 65 65.558 66.486 67.635 68.856 70 70.962 71.821 72.698 73.717 75 76.64 78.613 80.867 83.347 86 88.773 91.613 94.467 97.28 100 102.57 104.95 107.07 108.88
77 76.395 75.66 74.828 73.93 73 72.07 71.172 70.34 69.605 69 68.541 68.178 67.845 67.474 67 66.389 65.746 65.208 64.913 65 65.558 66.486 67.635 68.856 70 70.962 71.821 72.698 73.717 75 76.64 78.613 80.867 83.347 86 88.773 91.613 94.467 97.28 100 102.57 104.95 107.07 108.88
77 76.395 75.66 74.828 73.93 73 72.07 71.172 70.34 69.605 69 68.541 68.178 67.845 67.474 67 66.389 65.746 65.208 64.913 65 65.558 66.486 67.635 68.856 70 70.962 71.821 72.698 73.717 75 76.64 78.613 80.867 83.347 86 88.773 91.613 94.467 97.28 100 102.57 104.95 107.07 108.88
77 76.395 75.66 74.828 73.93 73 72.07 71.172 70.34 69.605 69 68.541 68.178 67.845 67.474 67 66.389 65.746 65.208 64.913 65 65.558 66.486 67.635 68.856 70 70.962 71.821 72.698 73.717 75 76.64 78.613 80.867 83.347 86 88.773 91.613 94.467 97.28 100 102.57 104.95 107.07 108.88
77 76.395 75.66 74.828 73.93 73 72.07 71.172 70.34 69.605 69 68.541 68.178 67.845 67.474 67 66.389 65.746 65.208 64.913 65 65.558 66.486 67.635 68.856 70 70.962 71.821 72.698 73.717 75 76.64 78.613 80.867 83.347 86 88.773 91.613 94.467 97.28 100 102.57 104.95 107.07 108.88
77 76.395 75.66 74.828 73.93 73 72.07 71.172 70.34 69.605 69 68.541 68.178 67.845 67.474 67 66.389 65.746 65.208 64.913 65 65.558 66.486 67.635 68.856 70 70.962 71.821 72.698 73.717 75 76.64 78.613 80.867 83.347 86 88.773 91.613 94.467 97.28 100 102.57 104.95 107.07 108.88
77 76.395 75.66 74.828 73.93 73 72.07 71.172 70.34 69.605 69 68.541 68.178 67.845 67.474 67 66.389 65.746 65.208 64.913 65 65.558 66.486 67.635 68.856 70 70.962 71.821 72.698 73.717 75 76.64 78.613 80.867 83.347 86 88.773 91.613 94.467 97.28 100 102.57 104.95 107.07 108.88
77 76.395 75.66 74.828 73.93 73 72.07 71.172 70.34 69.605 69 68.541 68.178 67.845 67.474 67 66.389 65.746 65.208 64.913 65 65.558 66.486 67.635 68.856 70 70.962 71.821 72.698 73.717 75 76.64 78.613 80.867 83.347 86 88.773 91.613 94.467 97.28 100 102.57 104.95 107.07 108.88
77 76.395 75.66 74.828 73.93 73 72.07 71.172 70.34 69.605 69 68.541 68.178 67.845 67.474 67 66.389 65.746 65.208 64.913 65 65.558 66.486 67.635 68.856 70 70.962 71.821 72.698 73.717 75 76.64 78.613 80.867 83.347 86 88.773 91.613 94.467 97.28 100 102.57 104.95 107.07 108.88
77 76.395 75.66 74.828 73.93 73 72.07 71.172 70.34 69.605 69 68.541 68.178 67.845 67.474 67 66.389 65.746 65.208 64.913 65 65.558 66.486 67.635 68.856 70 70.962 71.821 72.698 73.717 75 76.64 78.613 80.867 83.347 86 88.773 91.613 94.467 97.28 100 102.57 104.95 107.07 108.88
77 76.395 75.66 74.828 73.93 73 72.07 71.172 70.34 69.605 69 68.541 68.178 67.845 67.474 67 66.389 65.746 65.208 64.913 65 65.558 66.486 67.635 68.856 70 70.962 71.821 72.698 73.717 75 76.64 78.613 80.867 83.347 86 88.773 91.613 94.467 97.28 100 102.57 104.95 107.07 108.88
77 76.395 75.66 74.828 73.93 73 72.07 71.172 70.34 69.605 69 68.541 68.178 67.845 67.474 67 66.389 65.746 65.208 64.913 65 65.558 66.486 67.635 68.856 70 70.962 71.821 72.698 73.717 75 76.64 78.613 80.867 83.347 86 88.773 91.613 94.467 97.28 100 102.57 104.95 107.07 108.88
77 76.395 75.66 74.828 73.93 73 72.07 71.172 70.34 69.605 69 68.541 68.178 67.845 67.474 67 66.389 65.746 65.208 64.913 65 65.558 66.486 67.635 68.856 70 70.962 71.821 72.698 73.717 75 76.64 78.613 80.867 83.347 86 88.773 91.613 94.467 97.28 100 102.57 104.95 107.07 108.88
77 76.395 75.66 74.828 73.93 73 72.07 71.172 70.34 69.605 69 68.541 68.178 67.845 67.474 67 66.389 65.746 65.208 64.913 65 65.558 66.486 67.635 68.856 70 70.962 71.821 72.698 73.717 75 76.64 78.613 80.867 83.347 86 88.773 91.613 94.467 97.28 100 102.57 104.95 107.07 108.88
77 76.395 75.66 74.828 73.93 73 72.07 71.172 70.34 69.605 69 68.541 68.178 67.845 67.474 67 66.389 65.746 65.208 64.913 65 65.558 66.486 67.635 68.856 70 70.962 71.821 72.698 73.717 75 76.64 78.613 80.867 83.347 86 88.773 91.613 94.467 97.28 100 102.57 104.95 107.07 108.88
77 76.395 75.66 74.828 73.93 73 72.07 71.172 70.34 69.605 69 68.541 68.178 67.845 67.474 67 66.389 65.746 65.208 64.913 65 65.558 66.486 67.635 68.856 70 70.962 71.821 72.698 73.717 75 76.64 78.613 80.867 83.347 86 88.773 91.613 94.467 97.28 100 102.57 104.95 107.07 108.88
77 76.395 75.66 74.828 73.93 73 72.07 71.172 70.34 69.605 69 68.541 68.178 67.845 67.474 67 66.389 65.746 65.208 64.913 65 65.558 66.486 67.635 68.856 70 70.962 71.821 72.698 73.717 75 76.64 78.613 80.867 83.347 86 88.773 91.613 94.467 97.28 100 102.57 104.95 107.07 108.88
77 76.395 75.66 74.828 73.93 73 72.07 71.172 70.34 69.605 69 68.541 68.178 67.845 67.474 67 66.389 65.746 65.208 64.913 65 65.558 66.486 67.635 68.856 70 70.962 71.821 72.698 73.717 75 76.64 78.613 80.867 83.347 86 88.773 91.613 94.467 97.28 100 102.57 104.95 107.07 108.88
77 76.395 75.66 74.828 73.93 73 72.07 71.172 70.34 69.605 69 68.541 68.178 67.845 67.474 67 66.389 65.746 65.208 64.913 65 65.558 66.486 67.635 68.856 70 70.962 71.821 72.698 73.717 75 76.64 78.613 80.867 83.347 86 88.773 91.613 94.467 97.28 100 102.57 104.95 107.07 108.88
77 76.395 75.66 74.828 73.93 73 72.07 71.172 70.34 69.605 69 68.541 68.178 67.845 67.474 67 66.389 65.746 65.208 64.913 65 65.558 66.486 67.635 68.856 70 70.962 71.821 72.698 73.717 75 76.64 78.613 80.867 83.347 86 88.773 91.613 94.467 97.28 100 102.57 104.95 107.07 108.88
77 76.395 75.66 74.828 73.93 73 72.07 71.172 70.34 69.605 69 68.541 68.178 67.845 67.474 67 66.389 65.746 65.208 64.913 65 65.558 66.486 67.635 68.856 70 70.962 71.821 72.698 73.717 75 76.64 78.613 80.867 83.347 86 88.773 91.613 94.467 97.28 100 102.57 104.95 107.07 108.88
77 76.395 75.66 74.828 73.93 73 72.07 71.172 70.34 69.605 69 68.541 68.178 67.845 67.474 67 66.389 65.746 65.208 64.913 65 65.558 66.486 67.635 68.856 70 70.962 71.821 72.698 73.717 75 76.64 78.613 80.867 83.347 86 88.773 91.613 94.467 97.28 100 102.57 104.95 107.07 108.88
77 76.395 75.66 74.828 73.93 73 72.07 71.172 70.34 69.605 69 68.541 68.178 67.845 67.474 67 66.389 65.746 65.208 64.913 65 65.558 66.486 67.635 68.856 70 70.962 71.821 72.698 73.717 75 76.64 78.613 80.867 83.347 86 88.773 91.613 94.467 97.28 100 102.57 104.95 107.07 108.88
77 76.395 75.66 74.828 73.93 73 72.07 71.172 70.34 69.605 69 68.541 68.178 67.845 67.474 67 66.389 65.746 65.208 64.913 65 65.558 66.486 67.635 68.856 70 70.962 71.821 72.698 73.717 75 76.64 78.613 80.867 83.347 86 88.773 91.613 94.467 97.28 100 102.57 104.95 107.07 108.88
77 76.395 75.66 74.828 73.93 73 72.07 71.172 70.34 69.605 69 68.541 68.178 67.845 67.474 67 66.389 65.746 65.208 64.913 65 65.558 66.486 67.635 68.856 70 70.962 71.821 72.698 73.717 75 76.64 78.613 80.867 83.347 86 88.773 91.613 94.467 97.28 100 102.57 104.95 107.07 108.88
77 76.395 75.66 74.828 73.93 73 72.07 71.172 70.34 69.605 69 68.541 68.178 67.845 67.474 67 66.389 65.746 65.208 64.913 65 65.558 66.486 67.635 68.856 70 70.962 71.821 72.698 73.717 75 76.64 78.613 80.867 83.347 86 88.773 91.613 94.467 97.28 100 102.57 104.95 107.07 108.88
77 76.395 75.66 74.828 73.93 73 72.07 71.172 70.34 69.605 69 68.541 68.178 67.845 67.474 67 66.389 65.746 65.208 64.913 65 65.558 66.486 67.635 68.856 70 70.962 71.821 72.698 73.717 75 76.64 78.613 80.867 83.347 86 88.773 91.613 94.467 97.28 100 102.57 104.95 107.07 108.88
77 76.395 75.66 74.828 73.93 73 72.07 71.172 70.34 69.605 69 68.541 68.178 67.845 67.474 67 66.389 65.746 65.208 64.913 65 65.558 66.486 67.635 68.856 70 70.962 71.821 72.698 73.717 75 76.64 78.613 80.867 83.347 86 88.773 91.613 94.467 97.28 100 102.57 104.95 107.07 108.88
77 76.395 75.66 74.828 73.93 73 72.07 71.172 70.34 69.605 69 68.541 68.178 67.845 67.474 67 66.389 65.746 65.208 64.913 65 65.558 66.486 67.635 68.856 70 70.962 71.821 72.698 73.717 75 76.64 78.613 80.867 83.347 86 88.773 91.613 94.467 97.28 100 102.57 104.95 107.07 108.88
77 76.395 75.66 74.828 73.93 73 72.07 71.172 70.34 69.605 69 68.541 68.178 67.845 67.474 67 66.389 65.746 65.208 64.913 65 65.558 66.486 67.635 68.856 70 70.962 71.821 72.698 73.717 75 76.64 78.613 80.867 83.347 86 88.773 91.613 94.467 97.28 100 102.57 104.95 107.07 108.88
77 76.395 75.66 74.828 73.93 73 72.07 71.172 70.34 69.605 69 68.541 68.178 67.845 67.474 67 66.389 65.746 65.208 64.913 65 65.558 66.486 67.635 68.856 70 70.962 71.821 72.698 73.717 75 76.64 78.613 80.867 83.347 86 88.773 91.613 94.467 97.28 100 102.57 104.95 107.07 108.88
77 76.395 75.66 74.828 73.93 73 72.07 71.172 70.34 69.605 69 68.541 68.178 67.845 67.474 67 66.389 65.746 65.208 64.913 65 65.558 66.486 67.635 68.856 70 70.962 71.821 72.698 73.717 75 76.64 78.613 80.867 83.347 86 88.773 91.613 94.467 97.28 100 102.57 104.95 107.07 108.88
77 76.395 75.66 74.828 73.93 73 72.07 71.172 70.34 69.605 69 68.541 68.178 67.845 67.474 67 66.389 65.746 65.208 64.913 65 65.558 66.486 67.635 68.856 70 70.962 71.821 72.698 73.717 75 76.64 78.613 80.867 83.347 86 88.773 91.613 94.467 97.28 100 102.57 104.95 107.07 108.88
77 76.395 75.66 74.828 73.93 73 72.07 71.172 70.34 69.605 69 68.541 68.178 67.845 67.474 67 66.389 65.746 65.208 64.913 65 65.558 66.486 67.635 68.856 70 70.962 71.821 72.698 73.717 75 76.64 78.613 80.867 83.347 86 88.773 91.613 94.467 97.28 100 102.57 104.95 107.07 108.88
77 76.395 75.66 74.828 73.93 73 72.07 71.172 70.34 69.605 69 68.541 68.178 67.845 67.474 67 66.389 65.746 65.208 64.913 65 65.558 66.486 67.635 68.856 70 70.962 71.821 72.698 73.717 75 76.64 78.613 80.867 83.347 86 88.773 91.613 94.467 97.28 100 102.57 104.95 107.07 108.88
77 76.395 75.66 74.828 73.93 73 72.07 71.172 70.34 69.605 69 68.541 68.178 67.845 67.474 67 66.389 65.746 65.208 64.913 65 65.558 66.486 67.635 68.856 70 70.962 71.821 72.698 73.717 75 76.64 78.613 80.867 83.347 86 88.773 91.613 94.467 97.28 100 102.57 104.95 107.07 108.88
77 76.395 75.66 74.828 73.93 73 72.07 71.172 70.34 69.605 69 68.541 68.178 67.845 67.474 67 66.389 65.746 65.208 64.913 65 65.558 66.486 67.635 68.856 70 70.962 71.821 72.698 73.717 75 76.64 78.613 80.867 83.347 86 88.773 91.613 94.467 97.28 100 102.57 104.95 107.07 108.88
77 76.395 75.66 74.828 73.93 73 72.07 71.172 70.34 69.605 69 68.541 68.178 67.845 67.474 67 66.389 65.746 65.208 64.913 65 65.558 66.486 67.635 68.856 70 70.962 71.821 72.698 73.717 75 76.64 78.613 80.867 83.347 86 88.773 91.613 94.467 97.28 100 102.57 104.95 107.07 108.88
77 76.395 75.66 74.828 73.93 73 72.07 71.172 70.34 69.605 69 68.541 68.178 67.845 67.474 67 66.389 65.746 65.208 64.913 65 65.558 66.486 67.635 68.856 70 70.962 71.821 72.698 73.717 75 76.64 78.613 80.867 83.347 86 88.773 91.613 94.467 97.28 100 102.57 104.95 107.07 108.88
77 76.395 75.66 74.828 73.93 73 72.07 71.172 70.34 69.605 69 68.541 68.178 67.845 67.474 67 66.389 65.746 65.208 64.913 65 65.558 66.486 67.635 68.856 70 70.962 71.821 72.698 73.717 75 76.64 78.613 80.867 83.347 86 88.773 91.613 94.467 97.28 100 102.57 104.95 107.07 108.88
77 76.395 75.66 74.828 73.93 73 72.07 71.172 70.34 69.605 69 68.541 68.178 67.845 67.474 67 66.389 65.746 65.208 64.913 65 65.558 66.486 67.635 68.856 70 70.962 71.821 72.698 73.717 75 76.64 78.613 80.867 83.347 86 88.773 91.613 94.467 97.28 100 102.57 104.95 107.07 108.88
