0.02381 0.02381 0.02381 0.02381 0.02381 0.02381 0.02381 0.02381 0.02381 0.02381 0.02381 0.02381 0.02381 0.02381 0.02381 0.02381 0.02381 0.02381 0.02381 0.02381 0.02381 0.02381 0.02381 0.02381 0.02381 0.02381 0.02381 0.02381 0.02381 0.02381 0.02381 0.02381 0.02381 0.02381 0.02381 0.02381 0.02381 0.02381 0.02381 0.02381 0.02381 0.02381 0.02381 0.02381 0.02381
0.02381 0.02381 0.02381 0.02381 0.02381 0.02381 0.02381 0.02381 0.02381 0.02381 0.02381 0.02381 0.02381 0.02381 0.02381 0.02381 0.02381 0.02381 0.02381 0.02381 0.02381 0.02381 0.02381 0.02381 0.02381 0.02381 0.02381 0.02381 0.02381 0.02381 0.02381 0.02381 0.02381 0.02381 0.02381 0.02381 0.02381 0.02381 0.02381 0.02381 0.02381 0.02381 0.02381 0.02381 0.02381
0.02381 0.02381 0.02381 0.02381 0.02381 0.02381 0.02381 0.02381 0.02381 0.02381 0.02381 0.02381 0.02381 0.02381 0.02381 0.02381 0.02381 0.02381 0.02381 0.02381 0.02381 0.02381 0.02381 0.02381 0.02381 0.02381 0.02381 0.02381 0.02381 0.02381 0.02381 0.02381 0.02381 0.02381 0.02381 0.02381 0.02381 0.02381 0.02381 0.02381 0.02381 0.02381 0.02381 0.02381 0.02381
0.02381 0.02381 0.02381 0.02381 0.02381 0.02381 0.02381 0.02381 0.02381 0.02381 0.02381 0.02381 0.02381 0.02381 0.02381 0.02381 0.02381 0.02381 0.02381 0.02381 0.02381 0.02381 0.02381 0.02381 0.02381 0.02381 0.02381 0.02381 0.02381 0.02381 0.02381 0.02381 0.02381 0.02381 0.02381 0.02381 0.02381 0.02381 0.02381 0.02381 0.02381 0.02381 0.02381 0.02381 0.02381
0.02381 0.02381 0.02381 0.02381 0.02381 0.02381 0.02381 0.02381 0.02381 0.02381 0.02381 0.02381 0.02381 0.02381 0.02381 0.02381 0.02381 0.02381 0.02381 0.02381 0.02381 0.02381 0.02381 0.02381 0.02381 0.02381 0.02381 0.02381 0.02381 0.02381 0.02381 0.02381 0.02381 0.02381 0.02381 0.02381 0.02381 0.02381 0.02381 0.02381 0.02381 0.02381 0.02381 0.02381 0.02381
0.02381 0.02381 0.02381 0.02381 0.02381 0.02381 0.02381 0.02381 0.02381 0.02381 0.02381 0.02381 0.02381 0.02381 0.02381 0.02381 0.02381 0.02381 0.02381 0.02381 0.02381 0.02381 0.02381 0.02381 0.02381 0.02381 0.02381 0.02381 0.02381 0.02381 0.02381 0.02381 0.02381 0.02381 0.02381 0.02381 0.02381 0.02381 0.02381 0.02381 0.02381 0.02381 0.02381 0.02381 0.02381
0.02381 0.02381 0.02381 0.02381 0.02381 0.02381 0.02381 0.02381 0.02381 0.02381 0.02381 0.02381 0.02381 0.02381 0.02381 0.02381 0.02381 0.02381 0.02381 0.02381 0.02381 0.02381 0.02381 0.02381 0.02381 0.02381 0.02381 0.02381 0.02381 0.02381 0.02381 0.02381 0.02381 0.02381 0.02381 0.02381 0.02381 0.02381 0.02381 0.02381 0.02381 0.02381 0.02381 0.02381 0.02381
0.02381 0.02381 0.02381 0.02381 0.02381 0.02381 0.02381 0.02381 0.02381 0.02381 0.02381 0.02381 0.02381 0.02381 0.02381 0.02381 0.02381 0.02381 0.02381 0.02381 0.02381 0.02381 0.02381 0.02381 0.02381 0.02381 0.02381 0.02381 0.02381 0.02381 0.02381 0.02381 0.02381 0.02381 0.02381 0.02381 0.02381 0.02381 0.02381 0.02381 0.02381 0.02381 0.02381 0.02381 0.02381
0.02381 0.02381 0.02381 0.02381 0.02381 0.02381 0.02381 0.02381 0.02381 0.02381 0.02381 0.02381 0.02381 0.02381 0.02381 0.02381 0.02381 0.02381 0.02381 0.02381 0.02381 0.02381 0.02381 0.02381 0.02381 0.02381 0.02381 0.02381 0.02381 0.02381 0.02381 0.02381 0.02381 0.02381 0.02381 0.02381 0.02381 0.02381 0.02381 0.02381 0.02381 0.02381 0.02381 0.02381 0.02381
0.02381 0.02381 0.02381 0.02381 0.02381 0.02381 0.02381 0.02381 0.02381 0.02381 0.02381 0.02381 0.02381 0.02381 0.02381 0.02381 0.02381 0.02381 0.02381 0.02381 0.02381 0.02381 0.02381 0.02381 0.02381 0.02381 0.02381 0.02381 0.02381 0.02381 0.02381 0.02381 0.02381 0.02381 0.02381 0.02381 0.02381 0.02381 0.02381 0.02381 0.02381 0.02381 0.02381 0.02381 0.02381
0.02381 0.02381 0.02381 0.02381 0.02381 0.02381 0.02381 0.02381 0.02381 0.02381 0.02381 0.02381 0.02381 0.02381 0.02381 0.02381 0.02381 0.02381 0.02381 0.02381 0.02381 0.02381 0.02381 0.02381 0.02381 0.02381 0.02381 0.02381 0.02381 0.02381 0.02381 0.02381 0.02381 0.02381 0.02381 0.02381 0.02381 0.02381 0.02381 0.02381 0.02381 0.02381 0.02381 0.02381 0.02381
0.02381 0.02381 0.02381 0.02381 0.02381 0.02381 0.02381 0.02381 0.02381 0.02381 0.02381 0.02381 0.02381 0.02381 0.02381 0.02381 0.02381 0.02381 0.02381 0.02381 0.02381 0.02381 0.02381 0.02381 0.02381 0.02381 0.02381 0.02381 0.02381 0.02381 0.02381 0.02381 0.02381 0.02381 0.02381 0.02381 0.02381 0.02381 0.02381 0.02381 0.02381 0.02381 0.02381 0.02381 0.02381
0.02381 0.02381 0.02381 0.02381 0.02381 0.02381 0.02381 0.02381 0.02381 0.02381 0.02381 0.02381 0.02381 0.02381 0.02381 0.02381 0.02381 0.02381 0.02381 0.02381 0.02381 0.02381 0.02381 0.02381 0.02381 0.02381 0.02381 0.02381 0.02381 0.02381 0.02381 0.02381 0.02381 0.02381 0.02381 0.02381 0.02381 0.02381 0.02381 0.02381 0.02381 0.02381 0.02381 0.02381 0.02381
0.02381 0.02381 0.02381 0.02381 0.02381 0.02381 0.02381 0.02381 0.02381 0.02381 0.02381 0.02381 0.02381 0.02381 0.02381 0.02381 0.02381 0.02381 0.02381 0.02381 0.02381 0.02381 0.02381 0.02381 0.02381 0.02381 0.02381 0.02381 0.02381 0.02381 0.02381 0.02381 0.02381 0.02381 0.02381 0.02381 0.02381 0.02381 0.02381 0.02381 0.02381 0.02381 0.02381 0.02381 0.02381
0.02381 0.02381 0.02381 0.02381 0.02381 0.02381 0.02381 0.02381 0.02381 0.02381 0.02381 0.02381 0.02381 0.02381 0.02381 0.02381 0.02381 0.02381 0.02381 0.02381 0.02381 0.02381 0.02381 0.02381 0.02381 0.02381 0.02381 0.02381 0.02381 0.02381 0.02381 0.02381 0.02381 0.02381 0.02381 0.02381 0.02381 0.02381 0.02381 0.02381 0.02381 0.02381 0.02381 0.02381 0.02381
0.02381 0.02381 0.02381 0.02381 0.02381 0.02381 0.02381 0.02381 0.02381 0.02381 0.02381 0.02381 0.02381 0.02381 0.02381 0.02381 0.02381 0.02381 0.02381 0.02381 0.02381 0.02381 0.02381 0.02381 0.02381 0.02381 0.02381 0.02381 0.02381 0.02381 0.02381 0.02381 0.02381 0.02381 0.02381 0.02381 0.02381 0.02381 0.02381 0.02381 0.02381 0.02381 0.02381 0.02381 0.02381
0.02381 0.02381 0.02381 0.02381 0.02381 0.02381 0.02381 0.02381 0.02381 0.02381 0.02381 0.02381 0.02381 0.02381 0.02381 0.02381 0.02381 0.02381 0.02381 0.02381 0.02381 0.02381 0.02381 0.02381 0.02381 0.02381 0.02381 0.02381 0.02381 0.02381 0.02381 0.02381 0.02381 0.02381 0.02381 0.02381 0.02381 0.02381 0.02381 0.02381 0.02381 0.02381 0.02381 0.02381 0.02381
0.02381 0.02381 0.02381 0.02381 0.02381 0.02381 0.02381 0.02381 0.02381 0.02381 0.02381 0.02381 0.02381 0.02381 0.02381 0.02381 0.02381 0.02381 0.02381 0.02381 0.02381 0.02381 0.02381 0.02381 0.02381 0.02381 0.02381 0.02381 0.02381 0.02381 0.02381 0.02381 0.02381 0.02381 0.02381 0.02381 0.02381 0.02381 0.02381 0.02381 0.02381 0.02381 0.02381 0.02381 0.02381
0.02381 0.02381 0.02381 0.02381 0.02381 0.02381 0.02381 0.02381 0.02381 0.02381 0.02381 0.02381 0.02381 0.02381 0.02381 0.02381 0.02381 0.02381 0.02381 0.02381 0.02381 0.02381 0.02381 0.02381 0.02381 0.02381 0.02381 0.02381 0.02381 0.02381 0.02381 0.02381 0.02381 0.02381 0.02381 0.02381 0.02381 0.02381 0.02381 0.02381 0.02381 0.02381 0.02381 0.02381 0.02381
0.02381 0.02381 0.02381 0.02381 0.02381 0.02381 0.02381 0.02381 0.02381 0.02381 0.02381 0.02381 0.02381 0.02381 0.02381 0.02381 0.02381 0.02381 0.02381 0.02381 0.02381 0.02381 0.02381 0.02381 0.02381 0.02381 0.02381 0.02381 0.02381 0.02381 0.02381 0.02381 0.02381 0.02381 0.02381 0.02381 0.02381 0.02381 0.02381 0.02381 0.02381 0.02381 0.02381 0.02381 0.02381
0.02381 0.02381 0.02381 0.02381 0.02381 0.02381 0.02381 0.02381 0.02381 0.02381 0.02381 0.02381 0.02381 0.02381 0.02381 0.02381 0.02381 0.02381 0.02381 0.02381 0.02381 0.02381 0.02381 0.02381 0.02381 0.02381 0.02381 0.02381 0.02381 0.02381 0.02381 0.02381 0.02381 0.02381 0.02381 0.02381 0.02381 0.02381 0.02381 0.02381 0.02381 0.02381 0.02381 0.02381 0.02381
0.02381 0.02381 0.02381 0.02381 0.02381 0.02381 0.02381 0.02381 0.02381 0.02381 0.02381 0.02381 0.02381 0.02381 0.02381 0.02381 0.02381 0.02381 0.02381 0.02381 0.02381 0.02381 0.02381 0.02381 0.02381 0.02381 0.02381 0.02381 0.02381 0.02381 0.02381 0.02381 0.02381 0.02381 0.02381 0.02381 0.02381 0.02381 0.02381 0.02381 0.02381 0.02381 0.02381 0.02381 0.02381
0.02381 0.02381 0.02381 0.02381 0.02381 0.02381 0.02381 0.02381 0.02381 0.02381 0.02381 0.02381 0.02381 0.02381 0.02381 0.02381 0.02381 0.02381 0.02381 0.02381 0.02381 0.02381 0.02381 0.02381 0.02381 0.02381 0.02381 0.02381 0.02381 0.02381 0.02381 0.02381 0.02381 0.02381 0.02381 0.02381 0.02381 0.02381 0.02381 0.02381 0.02381 0.02381 0.02381 0.02381 0.02381
0.02381 0.02381 0.02381 0.02381 0.02381 0.02381 0.02381 0.02381 0.02381 0.02381 0.02381 0.02381 0.02381 0.02381 0.02381 0.02381 0.02381 0.02381 0.02381 0.02381 0.02381 0.02381 0.02381 0.02381 0.02381 0.02381 0.02381 0.02381 0.02381 0.02381 0.02381 0.02381 0.02381 0.02381 0.02381 0.02381 0.02381 0.02381 0.02381 0.02381 0.02381 0.02381 0.02381 0.02381 0.02381
0.02381 0.02381 0.02381 0.02381 0.02381 0.02381 0.02381 0.02381 0.02381 0.02381 0.02381 0.02381 0.02381 0.02381 0.02381 0.02381 0.02381 0.02381 0.02381 0.02381 0.02381 0.02381 0.02381 0.02381 0.02381 0.02381 0.02381 0.02381 0.02381 0.02381 0.02381 0.02381 0.02381 0.02381 0.02381 0.02381 0.02381 0.02381 0.02381 0.02381 0.02381 0.02381 0.02381 0.02381 0.02381
0.02381 0.02381 0.02381 0.02381 0.02381 0.02381 0.02381 0.02381 0.02381 0.02381 0.02381 0.02381 0.02381 0.02381 0.02381 0.02381 0.02381 0.02381 0.02381 0.02381 0.02381 0.02381 0.02381 0.02381 0.02381 0.02381 0.02381 0.02381 0.02381 0.02381 0.02381 0.02381 0.02381 0.02381 0.02381 0.02381 0.02381 0.02381 0.02381 0.02381 0.02381 0.02381 0.02381 0.02381 0.02381
0.02381 0.02381 0.02381 0.02381 0.02381 0.02381 0.02381 0.02381 0.02381 0.02381 0.02381 0.02381 0.02381 0.02381 0.02381 0.02381 0.02381 0.02381 0.02381 0.02381 0.02381 0.02381 0.02381 0.02381 0.02381 0.02381 0.02381 0.02381 0.02381 0.02381 0.02381 0.02381 0.02381 0.02381 0.02381 0.02381 0.02381 0.02381 0.02381 0.02381 0.02381 0.02381 0.02381 0.02381 0.02381
0.02381 0.02381 0.02381 0.02381 0.02381 0.02381 0.02381 0.02381 0.02381 0.02381 0.02381 0.02381 0.02381 0.02381 0.02381 0.02381 0.02381 0.02381 0.02381 0.02381 0.02381 0.02381 0.02381 0.02381 0.02381 0.02381 0.02381 0.02381 0.02381 0.02381 0.02381 0.02381 0.02381 0.02381 0.02381 0.02381 0.02381 0.02381 0.02381 0.02381 0.02381 0.02381 0.02381 0.02381 0.02381
0.02381 0.02381 0.02381 0.02381 0.02381 0.02381 0.02381 0.02381 0.02381 0.02381 0.02381 0.02381 0.02381 0.02381 0.02381 0.02381 0.02381 0.02381 0.02381 0.02381 0.02381 0.02381 0.02381 0.02381 0.02381 0.02381 0.02381 0.02381 0.02381 0.02381 0.02381 0.02381 0.02381 0.02381 0.02381 0.02381 0.02381 0.02381 0.02381 0.02381 0.02381 0.02381 0.02381 0.02381 0.02381
0.02381 0.02381 0.02381 0.02381 0.02381 0.02381 0.02381 0.02381 0.02381 0.02381 0.02381 0.02381 0.02381 0.02381 0.02381 0.02381 0.02381 0.02381 0.02381 0.02381 0.02381 0.02381 0.02381 0.02381 0.02381 0.02381 0.02381 0.02381 0.02381 0.02381 0.02381 0.02381 0.02381 0.02381 0.02381 0.02381 0.02381 0.02381 0.02381 0.02381 0.02381 0.02381 0.02381 0.02381 0.02381
0.02381 0.02381 0.02381 0.02381 0.02381 0.02381 0.02381 0.02381 0.02381 0.02381 0.02381 0.02381 0.02381 0.02381 0.02381 0.02381 0.02381 0.02381 0.02381 0.02381 0.02381 0.02381 0.02381 0.02381 0.02381 0.02381 0.02381 0.02381 0.02381 0.02381 0.02381 0.02381 0.02381 0.02381 0.02381 0.02381 0.02381 0.02381 0.02381 0.02381 0.02381 0.02381 0.02381 0.02381 0.02381
0.02381 0.02381 0.02381 0.02381 0.02381 0.02381 0.02381 0.02381 0.02381 0.02381 0.02381 0.02381 0.02381 0.02381 0.02381 0.02381 0.02381 0.02381 0.02381 0.02381 0.02381 0.02381 0.02381 0.02381 0.02381 0.02381 0.02381 0.02381 0.02381 0.02381 0.02381 0.02381 0.02381 0.02381 0.02381 0.02381 0.02381 0.02381 0.02381 0.02381 0.02381 0.02381 0.02381 0.02381 0.02381
0.02381 0.02381 0.02381 0.02381 0.02381 0.02381 0.02381 0.02381 0.02381 0.02381 0.02381 0.02381 0.02381 0.02381 0.02381 0.02381 0.02381 0.02381 0.02381 0.02381 0.02381 0.02381 0.02381 0.02381 0.02381 0.02381 0.02381 0.02381 0.02381 0.02381 0.02381 0.02381 0.02381 0.02381 0.02381 0.02381 0.02381 0.02381 0.02381 0.02381 0.02381 0.02381 0.02381 0.02381 0.02381
0.02381 0.02381 0.02381 0.02381 0.02381 0.02381 0.02381 0.02381 0.02381 0.02381 0.02381 0.02381 0.02381 0.02381 0.02381 0.02381 0.02381 0.02381 0.02381 0.02381 0.02381 0.02381 0.02381 0.02381 0.02381 0.02381 0.02381 0.02381 0.02381 0.02381 0.02381 0.02381 0.02381 0.02381 0.02381 0.02381 0.02381 0.02381 0.02381 0.02381 0.02381 0.02381 0.02381 0.02381 0.02381
0.02381 0.02381 0.02381 0.02381 0.02381 0.02381 0.02381 0.02381 0.02381 0.02381 0.02381 0.02381 0.02381 0.02381 0.02381 0.02381 0.02381 0.02381 0.02381 0.02381 0.02381 0.02381 0.02381 0.02381 0.02381 0.02381 0.02381 0.02381 0.02381 0.02381 0.02381 0.02381 0.02381 0.02381 0.02381 0.02381 0.02381 0.02381 0.02381 0.02381 0.02381 0.02381 0.02381 0.02381 0.02381
0.02381 0.02381 0.02381 0.02381 0.02381 0.02381 0.02381 0.02381 0.02381 0.02381 0.02381 0.02381 0.02381 0.02381 0.02381 0.02381 0.02381 0.02381 0.02381 0.02381 0.02381 0.02381 0.02381 0.02381 0.02381 0.02381 0.02381 0.02381 0.02381 0.02381 0.02381 0.02381 0.02381 0.02381 0.02381 0.02381 0.02381 0.02381 0.02381 0.02381 0.02381 0.02381 0.02381 0.02381 0.02381
0.02381 0.02381 0.02381 0.02381 0.02381 0.02381 0.02381 0.02381 0.02381 0.02381 0.02381 0.02381 0.02381 0.02381 0.02381 0.02381 0.02381 0.02381 0.02381 0.02381 0.02381 0.02381 0.02381 0.02381 0.02381 0.02381 0.02381 0.02381 0.02381 0.02381 0.02381 0.02381 0.02381 0.02381 0.02381 0.02381 0.02381 0.02381 0.02381 0.02381 0.02381 0.02381 0.02381 0.02381 0.02381
0.02381 0.02381 0.02381 0.02381 0.02381 0.02381 0.02381 0.02381 0.02381 0.02381 0.02381 0.02381 0.02381 0.02381 0.02381 0.02381 0.02381 0.02381 0.02381 0.02381 0.02381 0.02381 0.02381 0.02381 0.02381 0.02381 0.02381 0.02381 0.02381 0.02381 0.02381 0.02381 0.02381 0.02381 0.02381 0.02381 0.02381 0.02381 0.02381 0.02381 0.02381 0.02381 0.02381 0.02381 0.02381
0.02381 0.02381 0.02381 0.02381 0.02381 0.02381 0.02381 0.02381 0.02381 0.02381 0.02381 0.02381 0.02381 0.02381 0.02381 0.02381 0.02381 0.02381 0.02381 0.02381 0.02381 0.02381 0.02381 0.02381 0.02381 0.02381 0.02381 0.02381 0.02381 0.02381 0.02381 0.02381 0.02381 0.02381 0.02381 0.02381 0.02381 0.02381 0.02381 0.02381 0.02381 0.02381 0.02381 0.02381 0.02381
0.02381 0.02381 0.02381 0.02381 0.02381 0.02381 0.02381 0.02381 0.02381 0.02381 0.02381 0.02381 0.02381 0.02381 0.02381 0.02381 0.02381 0.02381 0.02381 0.02381 0.02381 0.02381 0.02381 0.02381 0.02381 0.02381 0.02381 0.02381 0.02381 0.02381 0.02381 0.02381 0.02381 0.02381 0.02381 0.02381 0.02381 0.02381 0.02381 0.02381 0.02381 0.02381 0.02381 0.02381 0.02381
0.02381 0.02381 0.02381 0.02381 0.02381 0.02381 0.02381 0.02381 0.02381 0.02381 0.02381 0.02381 0.02381 0.02381 0.02381 0.02381 0.02381 0.02381 0.02381 0.02381 0.02381 0.02381 0.02381 0.02381 0.02381 0.02381 0.02381 0.02381 0.02381 0.02381 0.02381 0.02381 0.02381 0.02381 0.02381 0.02381 0.02381 0.02381 0.02381 0.02381 0.02381 0.02381 0.02381 0.02381 0.02381
0.02381 0.02381 0.02381 0.02381 0.02381 0.02381 0.02381 0.02381 0.02381 0.02381 0.02381 0.02381 0.02381 0.02381 0.02381 0.02381 0.02381 0.02381 0.02381 0.02381 0.02381 0.02381 0.02381 0.02381 0.02381 0.02381 0.02381 0.02381 0.02381 0.02381 0.02381 0.02381 0.02381 0.02381 0.02381 0.02381 0.02381 0.02381 0.02381 0.02381 0.02381 0.02381 0.02381 0.02381 0.02381
0.02381 0.02381 0.02381 0.02381 0.02381 0.02381 0.02381 0.02381 0.02381 0.02381 0.02381 0.02381 0.02381 0.02381 0.02381 0.02381 0.02381 0.02381 0.02381 0.02381 0.02381 0.02381 0.02381 0.02381 0.02381 0.02381 0.02381 0.02381 0.02381 0.02381 0.02381 0.02381 0.02381 0.02381 0.02381 0.02381 0.02381 0.02381 0.02381 0.02381 0.02381 0.02381 0.02381 0.02381 0.02381
0.02381 0.02381 0.02381 0.02381 0.02381 0.02381 0.02381 0.02381 0.02381 0.02381 0.02381 0.02381 0.02381 0.02381 0.02381 0.02381 0.02381 0.02381 0.02381 0.02381 0.02381 0.02381 0.02381 0.02381 0.02381 0.02381 0.02381 0.02381 0.02381 0.02381 0.02381 0.02381 0.02381 0.02381 0.02381 0.02381 0.02381 0.02381 0.02381 0.02381 0.02381 0.02381 0.02381 0.02381 0.02381
0.02381 0.02381 0.02381 0.02381 0.02381 0.02381 0.02381 0.02381 0.02381 0.02381 0.02381 0.02381 0.02381 0.02381 0.02381 0.02381 0.02381 0.02381 0.02381 0.02381 0.02381 0.02381 0.02381 0.02381 0.02381 0.02381 0.02381 0.02381 0.02381 0.02381 0.02381 0.02381 0.02381 0.02381 0.02381 0.02381 0.02381 0.02381 0.02381 0.02381 0.02381 0.02381 0.02381 0.02381 0.02381
0.02381 0.02381 0.02381 0.02381 0.02381 0.02381 0.02381 0.02381 0.02381 0.02381 0.02381 0.02381 0.02381 0.02381 0.02381 0.02381 0.02381 0.02381 0.02381 0.02381 0.02381 0.02381 0.02381 0.02381 0.02381 0.02381 0.02381 0.02381 0.02381 0.02381 0.02381 0.02381 0.02381 0.02381 0.02381 0.02381 0.02381 0.02381 0.02381 0.02381 0.02381 0.02381 0.02381 0.02381 0.02381
0.02381 0.02381 0.02381 0.02381 0.02381 0.02381 0.02381 0.02381 0.02381 0.02381 0.02381 0.02381 0.02381 0.02381 0.02381 0.02381 0.02381 0.02381 0.02381 0.02381 0.02381 0.02381 0.02381 0.02381 0.02381 0.02381 0.02381 0.02381 0.02381 0.02381 0.02381 0.02381 0.02381 0.02381 0.02381 0.02381 0.02381 0.02381 0.02381 0.02381 0.02381 0.02381 0.02381 0.02381 0.02381
0.02381 0.02381 0.02381 0.02381 0.02381 0.02381 0.02381 0.02381 0.02381 0.02381 0.02381 0.02381 0.02381 0.02381 0.02381 0.02381 0.02381 0.02381 0.02381 0.02381 0.02381 0.02381 0.02381 0.02381 0.02381 0.02381 0.02381 0.02381 0.02381 0.02381 0.02381 0.02381 0.02381 0.02381 0.02381 0.02381 0.02381 0.02381 0.02381 0.02381 0.02381 0.02381 0.02381 0.02381 0.02381
0.02381 0.02381 0.02381 0.02381 0.02381 0.02381 0.02381 0.02381 0.02381 0.02381 0.02381 0.02381 0.02381 0.02381 0.02381 0.02381 0.02381 0.02381 0.02381 0.02381 0.02381 0.02381 0.02381 0.02381 0.02381 0.02381 0.02381 0.02381 0.02381 0.02381 0.02381 0.02381 0.02381 0.02381 0.02381 0.02381 0.02381 0.02381 0.02381 0.02381 0.02381 0.02381 0.02381 0.02381 0.02381
0.02381 0.02381 0.02381 0.02381 0.02381 0.02381 0.02381 0.02381 0.02381 0.02381 0.02381 0.02381 0.02381 0.02381 0.02381 0.02381 0.02381 0.02381 0.02381 0.02381 0.02381 0.02381 0.02381 0.02381 0.02381 0.02381 0.02381 0.02381 0.02381 0.02381 0.02381 0.02381 0.02381 0.02381 0.02381 0.02381 0.02381 0.02381 0.02381 0.02381 0.02381 0.02381 0.02381 0.02381 0.02381
0.02381 0.02381 0.02381 0.02381 0.02381 0.02381 0.02381 0.02381 0.02381 0.02381 0.02381 0.02381 0.02381 0.02381 0.02381 0.02381 0.02381 0.02381 0.02381 0.02381 0.02381 0.02381 0.02381 0.02381 0.02381 0.02381 0.02381 0.02381 0.02381 0.02381 0.02381 0.02381 0.02381 0.02381 0.02381 0.02381 0.02381 0.02381 0.02381 0.02381 0.02381 0.02381 0.02381 0.02381 0.02381
0.02381 0.02381 0.02381 0.02381 0.02381 0.02381 0.02381 0.02381 0.02381 0.02381 0.02381 0.02381 0.02381 0.02381 0.02381 0.02381 0.02381 0.02381 0.02381 0.02381 0.02381 0.02381 0.02381 0.02381 0.02381 0.02381 0.02381 0.02381 0.02381 0.02381 0.02381 0.02381 0.02381 0.02381 0.02381 0.02381 0.02381 0.02381 0.02381 0.02381 0.02381 0.02381 0.02381 0.02381 0.02381
0.02381 0.02381 0.02381 0.02381 0.02381 0.02381 0.02381 0.02381 0.02381 0.02381 0.02381 0.02381 0.02381 0.02381 0.02381 0.02381 0.02381 0.02381 0.02381 0.02381 0.02381 0.02381 0.02381 0.02381 0.02381 0.02381 0.02381 0.02381 0.02381 0.02381 0.02381 0.02381 0.02381 0.02381 0.02381 0.02381 0.02381 0.02381 0.02381 0.02381 0.02381 0.02381 0.02381 0.02381 0.02381
0.02381 0.02381 0.02381 0.02381 0.02381 0.02381 0.02381 0.02381 0.02381 0.02381 0.02381 0.02381 0.02381 0.02381 0.02381 0.02381 0.02381 0.02381 0.02381 0.02381 0.02381 0.02381 0.02381 0.02381 0.02381 0.02381 0.02381 0.02381 0.02381 0.02381 0.02381 0.02381 0.02381 0.02381 0.02381 0.02381 0.02381 0.02381 0.02381 0.02381 0.02381 0.02381 0.02381 0.02381 0.02381
0.02381 0.02381 0.02381 0.02381 0.02381 0.02381 0.02381 0.02381 0.02381 0.02381 0.02381 0.02381 0.02381 0.02381 0.02381 0.02381 0.02381 0.02381 0.02381 0.02381 0.02381 0.02381 0.02381 0.02381 0.02381 0.02381 0.02381 0.02381 0.02381 0.02381 0.02381 0.02381 0.02381 0.02381 0.02381 0.02381 0.02381 0.02381 0.02381 0.02381 0.02381 0.02381 0.02381 0.02381 0.02381
0.02381 0.02381 0.02381 0.02381 0.02381 0.02381 0.02381 0.02381 0.02381 0.02381 0.02381 0.02381 0.02381 0.02381 0.02381 0.02381 0.02381 0.02381 0.02381 0.02381 0.02381 0.02381 0.02381 0.02381 0.02381 0.02381 0.02381 0.02381 0.02381 0.02381 0.02381 0.02381 0.02381 0.02381 0.02381 0.02381 0.02381 0.02381 0.02381 0.02381 0.02381 0.02381 0.02381 0.02381 0.02381
0.02381 0.02381 0.02381 0.02381 0.02381 0.02381 0.02381 0.02381 0.02381 0.02381 0.02381 0.02381 0.02381 0.02381 0.02381 0.02381 0.02381 0.02381 0.02381 0.02381 0.02381 0.02381 0.02381 0.02381 0.02381 0.02381 0.02381 0.02381 0.02381 0.02381 0.02381 0.02381 0.02381 0.02381 0.02381 0.02381 0.02381 0.02381 0.02381 0.02381 0.02381 0.02381 0.02381 0.02381 0.02381
0.02381 0.02381 0.02381 0.02381 0.02381 0.02381 0.02381 0.02381 0.02381 0.02381 0.02381 0.02381 0.02381 0.02381 0.02381 0.02381 0.02381 0.02381 0.02381 0.02381 0.02381 0.02381 0.02381 0.02381 0.02381 0.02381 0.02381 0.02381 0.02381 0.02381 0.02381 0.02381 0.02381 0.02381 0.02381 0.02381 0.02381 0.02381 0.02381 0.02381 0.02381 0.02381 0.02381 0.02381 0.02381
0.02381 0.02381 0.02381 0.02381 0.02381 0.02381 0.02381 0.02381 0.02381 0.02381 0.02381 0.02381 0.02381 0.02381 0.02381 0.02381 0.02381 0.02381 0.02381 0.02381 0.02381 0.02381 0.02381 0.02381 0.02381 0.02381 0.02381 0.02381 0.02381 0.02381 0.02381 0.02381 0.02381 0.02381 0.02381 0.02381 0.02381 0.02381 0.02381 0.02381 0.02381 0.02381 0.02381 0.02381 0.02381
0.02381 0.02381 0.02381 0.02381 0.02381 0.02381 0.02381 0.02381 0.02381 0.02381 0.02381 0.02381 0.02381 0.02381 0.02381 0.02381 0.02381 0.02381 0.02381 0.02381 0.02381 0.02381 0.02381 0.02381 0.02381 0.02381 0.02381 0.02381 0.02381 0.02381 0.02381 0.02381 0.02381 0.02381 0.02381 0.02381 0.02381 0.02381 0.02381 0.02381 0.02381 0.02381 0.02381 0.02381 0.02381
0.02381 0.02381 0.02381 0.02381 0.02381 0.02381 0.02381 0.02381 0.02381 0.02381 0.02381 0.02381 0.02381 0.02381 0.02381 0.02381 0.02381 0.02381 0.02381 0.02381 0.02381 0.02381 0.02381 0.02381 0.02381 0.02381 0.02381 0.02381 0.02381 0.02381 0.02381 0.02381 0.02381 0.02381 0.02381 0.02381 0.02381 0.02381 0.02381 0.02381 0.02381 0.02381 0.02381 0.02381 0.02381
0.02381 0.02381 0.02381 0.02381 0.02381 0.02381 0.02381 0.02381 0.02381 0.02381 0.02381 0.02381 0.02381 0.02381 0.02381 0.02381 0.02381 0.02381 0.02381 0.02381 0.02381 0.02381 0.02381 0.02381 0.02381 0.02381 0.02381 0.02381 0.02381 0.02381 0.02381 0.02381 0.02381 0.02381 0.02381 0.02381 0.02381 0.02381 0.02381 0.02381 0.02381 0.02381 0.02381 0.02381 0.02381
0.02381 0.02381 0.02381 0.02381 0.02381 0.02381 0.02381 0.02381 0.02381 0.02381 0.02381 0.02381 0.02381 0.02381 0.02381 0.02381 0.02381 0.02381 0.02381 0.02381 0.02381 0.02381 0.02381 0.02381 0.02381 0.02381 0.02381 0.02381 0.02381 0.02381 0.02381 0.02381 0.02381 0.02381 0.02381 0.02381 0.02381 0.02381 0.02381 0.02381 0.02381 0.02381 0.02381 0.02381 0.02381
0.02381 0.02381 0.02381 0.02381 0.02381 0.02381 0.02381 0.02381 0.02381 0.02381 0.02381 0.02381 0.02381 0.02381 0.02381 0.02381 0.02381 0.02381 0.02381 0.02381 0.02381 0.02381 0.02381 0.02381 0.02381 0.02381 0.02381 0.02381 0.02381 0.02381 0.02381 0.02381 0.02381 0.02381 0.02381 0.02381 0.02381 0.02381 0.02381 0.02381 0.02381 0.02381 0.02381 0.02381 0.02381
