95 93.696 92.342 90.939 89.491 88 86.469 84.901 83.298 81.664 80 78.323 76.702 75.22 73.958 73 72.398 72.09 71.983 71.983 72 71.963 71.898 71.85 71.868 72 72.284 72.728 73.329 74.087 75 76.06 77.231 78.473 79.743 81 82.205 83.332 84.355 85.253 86 86.584 87.035 87.394 87.702 88 88.315 88.617 88.862 89.004 89 88.811 88.424 87.831 87.025 86 84.777 83.496 82.327 81.438 81 81.121 81.672 82.462 83.301 84 84.41 84.552 84.489 84.284 84 83.695 83.407 83.173 83.025 83 83.124 83.395 83.804 84.342 85 85.763 86.591 87.437 88.255 89 89.625 90.083 90.329 90.317 90 89.332 88.267 86.759 84.761
95 93.696 92.342 90.939 89.491 88 86.469 84.901 83.298 81.664 80 78.323 76.702 75.22 73.958 73 72.398 72.09 71.983 71.983 72 71.963 71.898 71.85 71.868 72 72.284 72.728 73.329 74.087 75 76.06 77.231 78.473 79.743 81 82.205 83.332 84.355 85.253 86 86.584 87.035 87.394 87.702 88 88.315 88.617 88.862 89.004 89 88.811 88.424 87.831 87.025 86 84.777 83.496 82.327 81.438 81 81.121 81.672 82.462 83.301 84 84.41 84.552 84.489 84.284 84 83.695 83.407 83.173 83.025 83 83.124 83.395 83.804 84.342 85 85.763 86.591 87.437 88.255 89 89.625 90.083 90.329 90.317 90 89.332 88.267 86.759 84.761
95 93.696 92.342 90.939 89.491 88 86.469 84.901 83.298 81.664 80 78.323 76.702 75.22 73.958 73 72.398 72.09 71.983 71.983 72 71.963 71.898 71.85 71.868 72 72.284 72.728 73.329 74.087 75 76.06 77.231 78.473 79.743 81 82.205 83.332 84.355 85.253 86 86.584 87.035 87.394 87.702 88 88.315 88.617 88.862 89.004 89 88.811 88.424 87.831 87.025 86 84.777 83.496 82.327 81.438 81 81.121 81.672 82.462 83.301 84 84.41 84.552 84.489 84.284 84 83.695 83.407 83.173 83.025 83 83.124 83.395 83.804 84.342 85 85.763 86.591 87.437 88.255 89 89.625 90.083 90.329 90.317 90 89.332 88.267 86.759 84.761
95 93.696 92.342 90.939 89.491 88 86.469 84.901 83.298 81.664 80 78.323 76.702 75.22 73.958 73 72.398 72.09 71.983 71.983 72 71.963 71.898 71.85 71.868 72 72.284 72.728 73.329 74.087 75 76.06 77.231 78.473 79.743 81 82.205 83.332 84.355 85.253 86 86.584 87.035 87.394 87.702 88 88.315 88.617 88.862 89.004 89 88.811 88.424 87.831 87.025 86 84.777 83.496 82.327 81.438 81 81.121 81.672 82.462 83.301 84 84.41 84.552 84.489 84.284 84 83.695 83.407 83.173 83.025 83 83.124 83.395 83.804 84.342 85 85.763 86.591 87.437 88.255 89 89.625 90.083 90.329 90.317 90 89.332 88.267 86.759 84.761
95 93.696 92.342 90.939 89.491 88 86.469 84.901 83.298 81.664 80 78.323 76.702 75.22 73.958 73 72.398 72.09 71.983 71.983 72 71.963 71.898 71.85 71.868 72 72.284 72.728 73.329 74.087 75 76.06 77.231 78.473 79.743 81 82.205 83.332 84.355 85.253 86 86.584 87.035 87.394 87.702 88 88.315 88.617 88.862 89.004 89 88.811 88.424 87.831 87.025 86 84.777 83.496 82.327 81.438 81 81.121 81.672 82.462 83.301 84 84.41 84.552 84.489 84.284 84 83.695 83.407 83.173 83.025 83 83.124 83.395 83.804 84.342 85 85.763 86.591 87.437 88.255 89 89.625 90.083 90.329 90.317 90 89.332 88.267 86.759 84.761
95 93.696 92.342 90.939 89.491 88 86.469 84.901 83.298 81.664 80 78.323 76.702 75.22 73.958 73 72.398 72.09 71.983 71.983 72 71.963 71.898 71.85 71.868 72 72.284 72.728 73.329 74.087 75 76.06 77.231 78.473 79.743 81 82.205 83.332 84.355 85.253 86 86.584 87.035 87.394 87.702 88 88.315 88.617 88.862 89.004 89 88.811 88.424 87.831 87.025 86 84.777 83.496 82.327 81.438 81 81.121 81.672 82.462 83.301 84 84.41 84.552 84.489 84.284 84 83.695 83.407 83.173 83.025 83 83.124 83.395 83.804 84.342 85 85.763 86.591 87.437 88.255 89 89.625 90.083 90.329 90.317 90 89.332 88.267 86.759 84.761
95 93.696 92.342 90.939 89.491 88 86.469 84.901 83.298 81.664 80 78.323 76.702 75.22 73.958 73 72.398 72.09 71.983 71.983 72 71.963 71.898 71.85 71.868 72 72.284 72.728 73.329 74.087 75 76.06 77.231 78.473 79.743 81 82.205 83.332 84.355 85.253 86 86.584 87.035 87.394 87.702 88 88.315 88.617 88.862 89.004 89 88.811 88.424 87.831 87.025 86 84.777 83.496 82.327 81.438 81 81.121 81.672 82.462 83.301 84 84.41 84.552 84.489 84.284 84 83.695 83.407 83.173 83.025 83 83.124 83.395 83.804 84.342 85 85.763 86.591 87.437 88.255 89 89.625 90.083 90.329 90.317 90 89.332 88.267 86.759 84.761
95 93.696 92.342 90.939 89.491 88 86.469 84.901 83.298 81.664 80 78.323 76.702 75.22 73.958 73 72.398 72.09 71.983 71.983 72 71.963 71.898 71.85 71.868 72 72.284 72.728 73.329 74.087 75 76.06 77.231 78.473 79.743 81 82.205 83.332 84.355 85.253 86 86.584 87.035 87.394 87.702 88 88.315 88.617 88.862 89.004 89 88.811 88.424 87.831 87.025 86 84.777 83.496 82.327 81.438 81 81.121 81.672 82.462 83.301 84 84.41 84.552 84.489 84.284 84 83.695 83.407 83.173 83.025 83 83.124 83.395 83.804 84.342 85 85.763 86.591 87.437 88.255 89 89.625 90.083 90.329 90.317 90 89.332 88.267 86.759 84.761
95 93.696 92.342 90.939 89.491 88 86.469 84.901 83.298 81.664 80 78.323 76.702 75.22 73.958 73 72.398 72.09 71.983 71.983 72 71.963 71.898 71.85 71.868 72 72.284 72.728 73.329 74.087 75 76.06 77.231 78.473 79.743 81 82.205 83.332 84.355 85.253 86 86.584 87.035 87.394 87.702 88 88.315 88.617 88.862 89.004 89 88.811 88.424 87.831 87.025 86 84.777 83.496 82.327 81.438 81 81.121 81.672 82.462 83.301 84 84.41 84.552 84.489 84.284 84 83.695 83.407 83.173 83.025 83 83.124 83.395 83.804 84.342 85 85.763 86.591 87.437 88.255 89 89.625 90.083 90.329 90.317 90 89.332 88.267 86.759 84.761
95 93.696 92.342 90.939 89.491 88 86.469 84.901 83.298 81.664 80 78.323 76.702 75.22 73.958 73 72.398 72.09 71.983 71.983 72 71.963 71.898 71.85 71.868 72 72.284 72.728 73.329 74.087 75 76.06 77.231 78.473 79.743 81 82.205 83.332 84.355 85.253 86 86.584 87.035 87.394 87.702 88 88.315 88.617 88.862 89.004 89 88.811 88.424 87.831 87.025 86 84.777 83.496 82.327 81.438 81 81.121 81.672 82.462 83.301 84 84.41 84.552 84.489 84.284 84 83.695 83.407 83.173 83.025 83 83.124 83.395 83.804 84.342 85 85.763 86.591 87.437 88.255 89 89.625 90.083 90.329 90.317 90 89.332 88.267 86.759 84.761
95 93.696 92.342 90.939 89.491 88 86.469 84.901 83.298 81.664 80 78.323 76.702 75.22 73.958 73 72.398 72.09 71.983 71.983 72 71.963 71.898 71.85 71.868 72 72.284 72.728 73.329 74.087 75 76.06 77.231 78.473 79.743 81 82.205 83.332 84.355 85.253 86 86.584 87.035 87.394 87.702 88 88.315 88.617 88.862 89.004 89 88.811 88.424 87.831 87.025 86 84.777 83.496 82.327 81.438 81 81.121 81.672 82.462 83.301 84 84.41 84.552 84.489 84.284 84 83.695 83.407 83.173 83.025 83 83.124 83.395 83.804 84.342 85 85.763 86.591 87.437 88.255 89 89.625 90.083 90.329 90.317 90 89.332 88.267 86.759 84.761
95 93.696 92.342 90.939 89.491 88 86.469 84.901 83.298 81.664 80 78.323 76.702 75.22 73.958 73 72.398 72.09 71.983 71.983 72 71.963 71.898 71.85 71.868 72 72.284 72.728 73.329 74.087 75 76.06 77.231 78.473 79.743 81 82.205 83.332 84.355 85.253 86 86.584 87.035 87.394 87.702 88 88.315 88.617 88.862 89.004 89 88.811 88.424 87.831 87.025 86 84.777 83.496 82.327 81.438 81 81.121 81.672 82.462 83.301 84 84.41 84.552 84.489 84.284 84 83.695 83.407 83.173 83.025 83 83.124 83.395 83.804 84.342 85 85.763 86.591 87.437 88.255 89 89.625 90.083 90.329 90.317 90 89.332 88.267 86.759 84.761
95 93.696 92.342 90.939 89.491 88 86.469 84.901 83.298 81.664 80 78.323 76.702 75.22 73.958 73 72.398 72.09 71.983 71.983 72 71.963 71.898 71.85 71.868 72 72.284 72.728 73.329 74.087 75 76.06 77.231 78.473 79.743 81 82.205 83.332 84.355 85.253 86 86.584 87.035 87.394 87.702 88 88.315 88.617 88.862 89.004 89 88.811 88.424 87.831 87.025 86 84.777 83.496 82.327 81.438 81 81.121 81.672 82.462 83.301 84 84.41 84.552 84.489 84.284 84 83.695 83.407 83.173 83.025 83 83.124 83.395 83.804 84.342 85 85.763 86.591 87.437 88.255 89 89.625 90.083 90.329 90.317 90 89.332 88.267 86.759 84.761
95 93.696 92.342 90.939 89.491 88 86.469 84.901 83.298 81.664 80 78.323 76.702 75.22 73.958 73 72.398 72.09 71.983 71.983 72 71.963 71.898 71.85 71.868 72 72.284 72.728 73.329 74.087 75 76.06 77.231 78.473 79.743 81 82.205 83.332 84.355 85.253 86 86.584 87.035 87.394 87.702 88 88.315 88.617 88.862 89.004 89 88.811 88.424 87.831 87.025 86 84.777 83.496 82.327 81.438 81 81.121 81.672 82.462 83.301 84 84.41 84.552 84.489 84.284 84 83.695 83.407 83.173 83.025 83 83.124 83.395 83.804 84.342 85 85.763 86.591 87.437 88.255 89 89.625 90.083 90.329 90.317 90 89.332 88.267 86.759 84.761
95 93.696 92.342 90.939 89.491 88 86.469 84.901 83.298 81.664 80 78.323 76.702 75.22 73.958 73 72.398 72.09 71.983 71.983 72 71.963 71.898 71.85 71.868 72 72.284 72.728 73.329 74.087 75 76.06 77.231 78.473 79.743 81 82.205 83.332 84.355 85.253 86 86.584 87.035 87.394 87.702 88 88.315 88.617 88.862 89.004 89 88.811 88.424 87.831 87.025 86 84.777 83.496 82.327 81.438 81 81.121 81.672 82.462 83.301 84 84.41 84.552 84.489 84.284 84 83.695 83.407 83.173 83.025 83 83.124 83.395 83.804 84.342 85 85.763 86.591 87.437 88.255 89 89.625 90.083 90.329 90.317 90 89.332 88.267 86.759 84.761
95 93.696 92.342 90.939 89.491 88 86.469 84.901 83.298 81.664 80 78.323 76.702 75.22 73.958 73 72.398 72.09 71.983 71.983 72 71.963 71.898 71.85 71.868 72 72.284 72.728 73.329 74.087 75 76.06 77.231 78.473 79.743 81 82.205 83.332 84.355 85.253 86 86.584 87.035 87.394 87.702 88 88.315 88.617 88.862 89.004 89 88.811 88.424 87.831 87.025 86 84.777 83.496 82.327 81.438 81 81.121 81.672 82.462 83.301 84 84.41 84.552 84.489 84.284 84 83.695 83.407 83.173 83.025 83 83.124 83.395 83.804 84.342 85 85.763 86.591 87.437 88.255 89 89.625 90.083 90.329 90.317 90 89.332 88.267 86.759 84.761
95 93.696 92.342 90.939 89.491 88 86.469 84.901 83.298 81.664 80 78.323 76.702 75.22 73.958 73 72.398 72.09 71.983 71.983 72 71.963 71.898 71.85 71.868 72 72.284 72.728 73.329 74.087 75 76.06 77.231 78.473 79.743 81 82.205 83.332 84.355 85.253 86 86.584 87.035 87.394 87.702 88 88.315 88.617 88.862 89.004 89 88.811 88.424 87.831 87.025 86 84.777 83.496 82.327 81.438 81 81.121 81.672 82.462 83.301 84 84.41 84.552 84.489 84.284 84 83.695 83.407 83.173 83.025 83 83.124 83.395 83.804 84.342 85 85.763 86.591 87.437 88.255 89 89.625 90.083 90.329 90.317 90 89.332 88.267 86.759 84.761
95 93.696 92.342 90.939 89.491 88 86.469 84.901 83.298 81.664 80 78.323 76.702 75.22 73.958 73 72.398 72.09 71.983 71.983 72 71.963 71.898 71.85 71.868 72 72.284 72.728 73.329 74.087 75 76.06 77.231 78.473 79.743 81 82.205 83.332 84.355 85.253 86 86.584 87.035 87.394 87.702 88 88.315 88.617 88.862 89.004 89 88.811 88.424 87.831 87.025 86 84.777 83.496 82.327 81.438 81 81.121 81.672 82.462 83.301 84 84.41 84.552 84.489 84.284 84 83.695 83.407 83.173 83.025 83 83.124 83.395 83.804 84.342 85 85.763 86.591 87.437 88.255 89 89.625 90.083 90.329 90.317 90 89.332 88.267 86.759 84.761
95 93.696 92.342 90.939 89.491 88 86.469 84.901 83.298 81.664 80 78.323 76.702 75.22 73.958 73 72.398 72.09 71.983 71.983 72 71.963 71.898 71.85 71.868 72 72.284 72.728 73.329 74.087 75 76.06 77.231 78.473 79.743 81 82.205 83.332 84.355 85.253 86 86.584 87.035 87.394 87.702 88 88.315 88.617 88.862 89.004 89 88.811 88.424 87.831 87.025 86 84.777 83.496 82.327 81.438 81 81.121 81.672 82.462 83.301 84 84.41 84.552 84.489 84.284 84 83.695 83.407 83.173 83.025 83 83.124 83.395 83.804 84.342 85 85.763 86.591 87.437 88.255 89 89.625 90.083 90.329 90.317 90 89.332 88.267 86.759 84.761
95 93.696 92.342 90.939 89.491 88 86.469 84.901 83.298 81.664 80 78.323 76.702 75.22 73.958 73 72.398 72.09 71.983 71.983 72 71.963 71.898 71.85 71.868 72 72.284 72.728 73.329 74.087 75 76.06 77.231 78.473 79.743 81 82.205 83.332 84.355 85.253 86 86.584 87.035 87.394 87.702 88 88.315 88.617 88.862 89.004 89 88.811 88.424 87.831 87.025 86 84.777 83.496 82.327 81.438 81 81.121 81.672 82.462 83.301 84 84.41 84.552 84.489 84.284 84 83.695 83.407 83.173 83.025 83 83.124 83.395 83.804 84.342 85 85.763 86.591 87.437 88.255 89 89.625 90.083 90.329 90.317 90 89.332 88.267 86.759 84.761
95 93.696 92.342 90.939 89.491 88 86.469 84.901 83.298 81.664 80 78.323 76.702 75.22 73.958 73 72.398 72.09 71.983 71.983 72 71.963 71.898 71.85 71.868 72 72.284 72.728 73.329 74.087 75 76.06 77.231 78.473 79.743 81 82.205 83.332 84.355 85.253 86 86.584 87.035 87.394 87.702 88 88.315 88.617 88.862 89.004 89 88.811 88.424 87.831 87.025 86 84.777 83.496 82.327 81.438 81 81.121 81.672 82.462 83.301 84 84.41 84.552 84.489 84.284 84 83.695 83.407 83.173 83.025 83 83.124 83.395 83.804 84.342 85 85.763 86.591 87.437 88.255 89 89.625 90.083 90.329 90.317 90 89.332 88.267 86.759 84.761
95 93.696 92.342 90.939 89.491 88 86.469 84.901 83.298 81.664 80 78.323 76.702 75.22 73.958 73 72.398 72.09 71.983 71.983 72 71.963 71.898 71.85 71.868 72 72.284 72.728 73.329 74.087 75 76.06 77.231 78.473 79.743 81 82.205 83.332 84.355 85.253 86 86.584 87.035 87.394 87.702 88 88.315 88.617 88.862 89.004 89 88.811 88.424 87.831 87.025 86 84.777 83.496 82.327 81.438 81 81.121 81.672 82.462 83.301 84 84.41 84.552 84.489 84.284 84 83.695 83.407 83.173 83.025 83 83.124 83.395 83.804 84.342 85 85.763 86.591 87.437 88.255 89 89.625 90.083 90.329 90.317 90 89.332 88.267 86.759 84.761
95 93.696 92.342 90.939 89.491 88 86.469 84.901 83.298 81.664 80 78.323 76.702 75.22 73.958 73 72.398 72.09 71.983 71.983 72 71.963 71.898 71.85 71.868 72 72.284 72.728 73.329 74.087 75 76.06 77.231 78.473 79.743 81 82.205 83.332 84.355 85.253 86 86.584 87.035 87.394 87.702 88 88.315 88.617 88.862 89.004 89 88.811 88.424 87.831 87.025 86 84.777 83.496 82.327 81.438 81 81.121 81.672 82.462 83.301 84 84.41 84.552 84.489 84.284 84 83.695 83.407 83.173 83.025 83 83.124 83.395 83.804 84.342 85 85.763 86.591 87.437 88.255 89 89.625 90.083 90.329 90.317 90 89.332 88.267 86.759 84.761
95 93.696 92.342 90.939 89.491 88 86.469 84.901 83.298 81.664 80 78.323 76.702 75.22 73.958 73 72.398 72.09 71.983 71.983 72 71.963 71.898 71.85 71.868 72 72.284 72.728 73.329 74.087 75 76.06 77.231 78.473 79.743 81 82.205 83.332 84.355 85.253 86 86.584 87.035 87.394 87.702 88 88.315 88.617 88.862 89.004 89 88.811 88.424 87.831 87.025 86 84.777 83.496 82.327 81.438 81 81.121 81.672 82.462 83.301 84 84.41 84.552 84.489 84.284 84 83.695 83.407 83.173 83.025 83 83.124 83.395 83.804 84.342 85 85.763 86.591 87.437 88.255 89 89.625 90.083 90.329 90.317 90 89.332 88.267 86.759 84.761
95 93.696 92.342 90.939 89.491 88 86.469 84.901 83.298 81.664 80 78.323 76.702 75.22 73.958 73 72.398 72.09 71.983 71.983 72 71.963 71.898 71.85 71.868 72 72.284 72.728 73.329 74.087 75 76.06 77.231 78.473 79.743 81 82.205 83.332 84.355 85.253 86 86.584 87.035 87.394 87.702 88 88.315 88.617 88.862 89.004 89 88.811 88.424 87.831 87.025 86 84.777 83.496 82.327 81.438 81 81.121 81.672 82.462 83.301 84 84.41 84.552 84.489 84.284 84 83.695 83.407 83.173 83.025 83 83.124 83.395 83.804 84.342 85 85.763 86.591 87.437 88.255 89 89.625 90.083 90.329 90.317 90 89.332 88.267 86.759 84.761
95 93.696 92.342 90.939 89.491 88 86.469 84.901 83.298 81.664 80 78.323 76.702 75.22 73.958 73 72.398 72.09 71.983 71.983 72 71.963 71.898 71.85 71.868 72 72.284 72.728 73.329 74.087 75 76.06 77.231 78.473 79.743 81 82.205 83.332 84.355 85.253 86 86.584 87.035 87.394 87.702 88 88.315 88.617 88.862 89.004 89 88.811 88.424 87.831 87.025 86 84.777 83.496 82.327 81.438 81 81.121 81.672 82.462 83.301 84 84.41 84.552 84.489 84.284 84 83.695 83.407 83.173 83.025 83 83.124 83.395 83.804 84.342 85 85.763 86.591 87.437 88.255 89 89.625 90.083 90.329 90.317 90 89.332 88.267 86.759 84.761
95 93.696 92.342 90.939 89.491 88 86.469 84.901 83.298 81.664 80 78.323 76.702 75.22 73.958 73 72.398 72.09 71.983 71.983 72 71.963 71.898 71.85 71.868 72 72.284 72.728 73.329 74.087 75 76.06 77.231 78.473 79.743 81 82.205 83.332 84.355 85.253 86 86.584 87.035 87.394 87.702 88 88.315 88.617 88.862 89.004 89 88.811 88.424 87.831 87.025 86 84.777 83.496 82.327 81.438 81 81.121 81.672 82.462 83.301 84 84.41 84.552 84.489 84.284 84 83.695 83.407 83.173 83.025 83 83.124 83.395 83.804 84.342 85 85.763 86.591 87.437 88.255 89 89.625 90.083 90.329 90.317 90 89.332 88.267 86.759 84.761
95 93.696 92.342 90.939 89.491 88 86.469 84.901 83.298 81.664 80 78.323 76.702 75.22 73.958 73 72.398 72.09 71.983 71.983 72 71.963 71.898 71.85 71.868 72 72.284 72.728 73.329 74.087 75 76.06 77.231 78.473 79.743 81 82.205 83.332 84.355 85.253 86 86.584 87.035 87.394 87.702 88 88.315 88.617 88.862 89.004 89 88.811 88.424 87.831 87.025 86 84.777 83.496 82.327 81.438 81 81.121 81.672 82.462 83.301 84 84.41 84.552 84.489 84.284 84 83.695 83.407 83.173 83.025 83 83.124 83.395 83.804 84.342 85 85.763 86.591 87.437 88.255 89 89.625 90.083 90.329 90.317 90 89.332 88.267 86.759 84.761
95 93.696 92.342 90.939 89.491 88 86.469 84.901 83.298 81.664 80 78.323 76.702 75.22 73.958 73 72.398 72.09 71.983 71.983 72 71.963 71.898 71.85 71.868 72 72.284 72.728 73.329 74.087 75 76.06 77.231 78.473 79.743 81 82.205 83.332 84.355 85.253 86 86.584 87.035 87.394 87.702 88 88.315 88.617 88.862 89.004 89 88.811 88.424 87.831 87.025 86 84.777 83.496 82.327 81.438 81 81.121 81.672 82.462 83.301 84 84.41 84.552 84.489 84.284 84 83.695 83.407 83.173 83.025 83 83.124 83.395 83.804 84.342 85 85.763 86.591 87.437 88.255 89 89.625 90.083 90.329 90.317 90 89.332 88.267 86.759 84.761
95 93.696 92.342 90.939 89.491 88 86.469 84.901 83.298 81.664 80 78.323 76.702 75.22 73.958 73 72.398 72.09 71.983 71.983 72 71.963 71.898 71.85 71.868 72 72.284 72.728 73.329 74.087 75 76.06 77.231 78.473 79.743 81 82.205 83.332 84.355 85.253 86 86.584 87.035 87.394 87.702 88 88.315 88.617 88.862 89.004 89 88.811 88.424 87.831 87.025 86 84.777 83.496 82.327 81.438 81 81.121 81.672 82.462 83.301 84 84.41 84.552 84.489 84.284 84 83.695 83.407 83.173 83.025 83 83.124 83.395 83.804 84.342 85 85.763 86.591 87.437 88.255 89 89.625 90.083 90.329 90.317 90 89.332 88.267 86.759 84.761
95 93.696 92.342 90.939 89.491 88 86.469 84.901 83.298 81.664 80 78.323 76.702 75.22 73.958 73 72.398 72.09 71.983 71.983 72 71.963 71.898 71.85 71.868 72 72.284 72.728 73.329 74.087 75 76.06 77.231 78.473 79.743 81 82.205 83.332 84.355 85.253 86 86.584 87.035 87.394 87.702 88 88.315 88.617 88.862 89.004 89 88.811 88.424 87.831 87.025 86 84.777 83.496 82.327 81.438 81 81.121 81.672 82.462 83.301 84 84.41 84.552 84.489 84.284 84 83.695 83.407 83.173 83.025 83 83.124 83.395 83.804 84.342 85 85.763 86.591 87.437 88.255 89 89.625 90.083 90.329 90.317 90 89.332 88.267 86.759 84.761
95 93.696 92.342 90.939 89.491 88 86.469 84.901 83.298 81.664 80 78.323 76.702 75.22 73.958 73 72.398 72.09 71.983 71.983 72 71.963 71.898 71.85 71.868 72 72.284 72.728 73.329 74.087 75 76.06 77.231 78.473 79.743 81 82.205 83.332 84.355 85.253 86 86.584 87.035 87.394 87.702 88 88.315 88.617 88.862 89.004 89 88.811 88.424 87.831 87.025 86 84.777 83.496 82.327 81.438 81 81.121 81.672 82.462 83.301 84 84.41 84.552 84.489 84.284 84 83.695 83.407 83.173 83.025 83 83.124 83.395 83.804 84.342 85 85.763 86.591 87.437 88.255 89 89.625 90.083 90.329 90.317 90 89.332 88.267 86.759 84.761
95 93.696 92.342 90.939 89.491 88 86.469 84.901 83.298 81.664 80 78.323 76.702 75.22 73.958 73 72.398 72.09 71.983 71.983 72 71.963 71.898 71.85 71.868 72 72.284 72.728 73.329 74.087 75 76.06 77.231 78.473 79.743 81 82.205 83.332 84.355 85.253 86 86.584 87.035 87.394 87.702 88 88.315 88.617 88.862 89.004 89 88.811 88.424 87.831 87.025 86 84.777 83.496 82.327 81.438 81 81.121 81.672 82.462 83.301 84 84.41 84.552 84.489 84.284 84 83.695 83.407 83.173 83.025 83 83.124 83.395 83.804 84.342 85 85.763 86.591 87.437 88.255 89 89.625 90.083 90.329 90.317 90 89.332 88.267 86.759 84.761
95 93.696 92.342 90.939 89.491 88 86.469 84.901 83.298 81.664 80 78.323 76.702 75.22 73.958 73 72.398 72.09 71.983 71.983 72 71.963 71.898 71.85 71.868 72 72.284 72.728 73.329 74.087 75 76.06 77.231 78.473 79.743 81 82.205 83.332 84.355 85.253 86 86.584 87.035 87.394 87.702 88 88.315 88.617 88.862 89.004 89 88.811 88.424 87.831 87.025 86 84.777 83.496 82.327 81.438 81 81.121 81.672 82.462 83.301 84 84.41 84.552 84.489 84.284 84 83.695 83.407 83.173 83.025 83 83.124 83.395 83.804 84.342 85 85.763 86.591 87.437 88.255 89 89.625 90.083 90.329 90.317 90 89.332 88.267 86.759 84.761
95 93.696 92.342 90.939 89.491 88 86.469 84.901 83.298 81.664 80 78.323 76.702 75.22 73.958 73 72.398 72.09 71.983 71.983 72 71.963 71.898 71.85 71.868 72 72.284 72.728 73.329 74.087 75 76.06 77.231 78.473 79.743 81 82.205 83.332 84.355 85.253 86 86.584 87.035 87.394 87.702 88 88.315 88.617 88.862 89.004 89 88.811 88.424 87.831 87.025 86 84.777 83.496 82.327 81.438 81 81.121 81.672 82.462 83.301 84 84.41 84.552 84.489 84.284 84 83.695 83.407 83.173 83.025 83 83.124 83.395 83.804 84.342 85 85.763 86.591 87.437 88.255 89 89.625 90.083 90.329 90.317 90 89.332 88.267 86.759 84.761
95 93.696 92.342 90.939 89.491 88 86.469 84.901 83.298 81.664 80 78.323 76.702 75.22 73.958 73 72.398 72.09 71.983 71.983 72 71.963 71.898 71.85 71.868 72 72.284 72.728 73.329 74.087 75 76.06 77.231 78.473 79.743 81 82.205 83.332 84.355 85.253 86 86.584 87.035 87.394 87.702 88 88.315 88.617 88.862 89.004 89 88.811 88.424 87.831 87.025 86 84.777 83.496 82.327 81.438 81 81.121 81.672 82.462 83.301 84 84.41 84.552 84.489 84.284 84 83.695 83.407 83.173 83.025 83 83.124 83.395 83.804 84.342 85 85.763 86.591 87.437 88.255 89 89.625 90.083 90.329 90.317 90 89.332 88.267 86.759 84.761
95 93.696 92.342 90.939 89.491 88 86.469 84.901 83.298 81.664 80 78.323 76.702 75.22 73.958 73 72.398 72.09 71.983 71.983 72 71.963 71.898 71.85 71.868 72 72.284 72.728 73.329 74.087 75 76.06 77.231 78.473 79.743 81 82.205 83.332 84.355 85.253 86 86.584 87.035 87.394 87.702 88 88.315 88.617 88.862 89.004 89 88.811 88.424 87.831 87.025 86 84.777 83.496 82.327 81.438 81 81.121 81.672 82.462 83.301 84 84.41 84.552 84.489 84.284 84 83.695 83.407 83.173 83.025 83 83.124 83.395 83.804 84.342 85 85.763 86.591 87.437 88.255 89 89.625 90.083 90.329 90.317 90 89.332 88.267 86.759 84.761
95 93.696 92.342 90.939 89.491 88 86.469 84.901 83.298 81.664 80 78.323 76.702 75.22 73.958 73 72.398 72.09 71.983 71.983 72 71.963 71.898 71.85 71.868 72 72.284 72.728 73.329 74.087 75 76.06 77.231 78.473 79.743 81 82.205 83.332 84.355 85.253 86 86.584 87.035 87.394 87.702 88 88.315 88.617 88.862 89.004 89 88.811 88.424 87.831 87.025 86 84.777 83.496 82.327 81.438 81 81.121 81.672 82.462 83.301 84 84.41 84.552 84.489 84.284 84 83.695 83.407 83.173 83.025 83 83.124 83.395 83.804 84.342 85 85.763 86.591 87.437 88.255 89 89.625 90.083 90.329 90.317 90 89.332 88.267 86.759 84.761
95 93.696 92.342 90.939 89.491 88 86.469 84.901 83.298 81.664 80 78.323 76.702 75.22 73.958 73 72.398 72.09 71.983 71.983 72 71.963 71.898 71.85 71.868 72 72.284 72.728 73.329 74.087 75 76.06 77.231 78.473 79.743 81 82.205 83.332 84.355 85.253 86 86.584 87.035 87.394 87.702 88 88.315 88.617 88.862 89.004 89 88.811 88.424 87.831 87.025 86 84.777 83.496 82.327 81.438 81 81.121 81.672 82.462 83.301 84 84.41 84.552 84.489 84.284 84 83.695 83.407 83.173 83.025 83 83.124 83.395 83.804 84.342 85 85.763 86.591 87.437 88.255 89 89.625 90.083 90.329 90.317 90 89.332 88.267 86.759 84.761
95 93.696 92.342 90.939 89.491 88 86.469 84.901 83.298 81.664 80 78.323 76.702 75.22 73.958 73 72.398 72.09 71.983 71.983 72 71.963 71.898 71.85 71.868 72 72.284 72.728 73.329 74.087 75 76.06 77.231 78.473 79.743 81 82.205 83.332 84.355 85.253 86 86.584 87.035 87.394 87.702 88 88.315 88.617 88.862 89.004 89 88.811 88.424 87.831 87.025 86 84.777 83.496 82.327 81.438 81 81.121 81.672 82.462 83.301 84 84.41 84.552 84.489 84.284 84 83.695 83.407 83.173 83.025 83 83.124 83.395 83.804 84.342 85 85.763 86.591 87.437 88.255 89 89.625 90.083 90.329 90.317 90 89.332 88.267 86.759 84.761
95 93.696 92.342 90.939 89.491 88 86.469 84.901 83.298 81.664 80 78.323 76.702 75.22 73.958 73 72.398 72.09 71.983 71.983 72 71.963 71.898 71.85 71.868 72 72.284 72.728 73.329 74.087 75 76.06 77.231 78.473 79.743 81 82.205 83.332 84.355 85.253 86 86.584 87.035 87.394 87.702 88 88.315 88.617 88.862 89.004 89 88.811 88.424 87.831 87.025 86 84.777 83.496 82.327 81.438 81 81.121 81.672 82.462 83.301 84 84.41 84.552 84.489 84.284 84 83.695 83.407 83.173 83.025 83 83.124 83.395 83.804 84.342 85 85.763 86.591 87.437 88.255 89 89.625 90.083 90.329 90.317 90 89.332 88.267 86.759 84.761
95 93.696 92.342 90.939 89.491 88 86.469 84.901 83.298 81.664 80 78.323 76.702 75.22 73.958 73 72.398 72.09 71.983 71.983 72 71.963 71.898 71.85 71.868 72 72.284 72.728 73.329 74.087 75 76.06 77.231 78.473 79.743 81 82.205 83.332 84.355 85.253 86 86.584 87.035 87.394 87.702 88 88.315 88.617 88.862 89.004 89 88.811 88.424 87.831 87.025 86 84.777 83.496 82.327 81.438 81 81.121 81.672 82.462 83.301 84 84.41 84.552 84.489 84.284 84 83.695 83.407 83.173 83.025 83 83.124 83.395 83.804 84.342 85 85.763 86.591 87.437 88.255 89 89.625 90.083 90.329 90.317 90 89.332 88.267 86.759 84.761
95 93.696 92.342 90.939 89.491 88 86.469 84.901 83.298 81.664 80 78.323 76.702 75.22 73.958 73 72.398 72.09 71.983 71.983 72 71.963 71.898 71.85 71.868 72 72.284 72.728 73.329 74.087 75 76.06 77.231 78.473 79.743 81 82.205 83.332 84.355 85.253 86 86.584 87.035 87.394 87.702 88 88.315 88.617 88.862 89.004 89 88.811 88.424 87.831 87.025 86 84.777 83.496 82.327 81.438 81 81.121 81.672 82.462 83.301 84 84.41 84.552 84.489 84.284 84 83.695 83.407 83.173 83.025 83 83.124 83.395 83.804 84.342 85 85.763 86.591 87.437 88.255 89 89.625 90.083 90.329 90.317 90 89.332 88.267 86.759 84.761
95 93.696 92.342 90.939 89.491 88 86.469 84.901 83.298 81.664 80 78.323 76.702 75.22 73.958 73 72.398 72.09 71.983 71.983 72 71.963 71.898 71.85 71.868 72 72.284 72.728 73.329 74.087 75 76.06 77.231 78.473 79.743 81 82.205 83.332 84.355 85.253 86 86.584 87.035 87.394 87.702 88 88.315 88.617 88.862 89.004 89 88.811 88.424 87.831 87.025 86 84.777 83.496 82.327 81.438 81 81.121 81.672 82.462 83.301 84 84.41 84.552 84.489 84.284 84 83.695 83.407 83.173 83.025 83 83.124 83.395 83.804 84.342 85 85.763 86.591 87.437 88.255 89 89.625 90.083 90.329 90.317 90 89.332 88.267 86.759 84.761
95 93.696 92.342 90.939 89.491 88 86.469 84.901 83.298 81.664 80 78.323 76.702 75.22 73.958 73 72.398 72.09 71.983 71.983 72 71.963 71.898 71.85 71.868 72 72.284 72.728 73.329 74.087 75 76.06 77.231 78.473 79.743 81 82.205 83.332 84.355 85.253 86 86.584 87.035 87.394 87.702 88 88.315 88.617 88.862 89.004 89 88.811 88.424 87.831 87.025 86 84.777 83.496 82.327 81.438 81 81.121 81.672 82.462 83.301 84 84.41 84.552 84.489 84.284 84 83.695 83.407 83.173 83.025 83 83.124 83.395 83.804 84.342 85 85.763 86.591 87.437 88.255 89 89.625 90.083 90.329 90.317 90 89.332 88.267 86.759 84.761
95 93.696 92.342 90.939 89.491 88 86.469 84.901 83.298 81.664 80 78.323 76.702 75.22 73.958 73 72.398 72.09 71.983 71.983 72 71.963 71.898 71.85 71.868 72 72.284 72.728 73.329 74.087 75 76.06 77.231 78.473 79.743 81 82.205 83.332 84.355 85.253 86 86.584 87.035 87.394 87.702 88 88.315 88.617 88.862 89.004 89 88.811 88.424 87.831 87.025 86 84.777 83.496 82.327 81.438 81 81.121 81.672 82.462 83.301 84 84.41 84.552 84.489 84.284 84 83.695 83.407 83.173 83.025 83 83.124 83.395 83.804 84.342 85 85.763 86.591 87.437 88.255 89 89.625 90.083 90.329 90.317 90 89.332 88.267 86.759 84.761
95 93.696 92.342 90.939 89.491 88 86.469 84.901 83.298 81.664 80 78.323 76.702 75.22 73.958 73 72.398 72.09 71.983 71.983 72 71.963 71.898 71.85 71.868 72 72.284 72.728 73.329 74.087 75 76.06 77.231 78.473 79.743 81 82.205 83.332 84.355 85.253 86 86.584 87.035 87.394 87.702 88 88.315 88.617 88.862 89.004 89 88.811 88.424 87.831 87.025 86 84.777 83.496 82.327 81.438 81 81.121 81.672 82.462 83.301 84 84.41 84.552 84.489 84.284 84 83.695 83.407 83.173 83.025 83 83.124 83.395 83.804 84.342 85 85.763 86.591 87.437 88.255 89 89.625 90.083 90.329 90.317 90 89.332 88.267 86.759 84.761
95 93.696 92.342 90.939 89.491 88 86.469 84.901 83.298 81.664 80 78.323 76.702 75.22 73.958 73 72.398 72.09 71.983 71.983 72 71.963 71.898 71.85 71.868 72 72.284 72.728 73.329 74.087 75 76.06 77.231 78.473 79.743 81 82.205 83.332 84.355 85.253 86 86.584 87.035 87.394 87.702 88 88.315 88.617 88.862 89.004 89 88.811 88.424 87.831 87.025 86 84.777 83.496 82.327 81.438 81 81.121 81.672 82.462 83.301 84 84.41 84.552 84.489 84.284 84 83.695 83.407 83.173 83.025 83 83.124 83.395 83.804 84.342 85 85.763 86.591 87.437 88.255 89 89.625 90.083 90.329 90.317 90 89.332 88.267 86.759 84.761
95 93.696 92.342 90.939 89.491 88 86.469 84.901 83.298 81.664 80 78.323 76.702 75.22 73.958 73 72.398 72.09 71.983 71.983 72 71.963 71.898 71.85 71.868 72 72.284 72.728 73.329 74.087 75 76.06 77.231 78.473 79.743 81 82.205 83.332 84.355 85.253 86 86.584 87.035 87.394 87.702 88 88.315 88.617 88.862 89.004 89 88.811 88.424 87.831 87.025 86 84.777 83.496 82.327 81.438 81 81.121 81.672 82.462 83.301 84 84.41 84.552 84.489 84.284 84 83.695 83.407 83.173 83.025 83 83.124 83.395 83.804 84.342 85 85.763 86.591 87.437 88.255 89 89.625 90.083 90.329 90.317 90 89.332 88.267 86.759 84.761
95 93.696 92.342 90.939 89.491 88 86.469 84.901 83.298 81.664 80 78.323 76.702 75.22 73.958 73 72.398 72.09 71.983 71.983 72 71.963 71.898 71.85 71.868 72 72.284 72.728 73.329 74.087 75 76.06 77.231 78.473 79.743 81 82.205 83.332 84.355 85.253 86 86.584 87.035 87.394 87.702 88 88.315 88.617 88.862 89.004 89 88.811 88.424 87.831 87.025 86 84.777 83.496 82.327 81.438 81 81.121 81.672 82.462 83.301 84 84.41 84.552 84.489 84.284 84 83.695 83.407 83.173 83.025 83 83.124 83.395 83.804 84.342 85 85.763 86.591 87.437 88.255 89 89.625 90.083 90.329 90.317 90 89.332 88.267 86.759 84.761
95 93.696 92.342 90.939 89.491 88 86.469 84.901 83.298 81.664 80 78.323 76.702 75.22 73.958 73 72.398 72.09 71.983 71.983 72 71.963 71.898 71.85 71.868 72 72.284 72.728 73.329 74.087 75 76.06 77.231 78.473 79.743 81 82.205 83.332 84.355 85.253 86 86.584 87.035 87.394 87.702 88 88.315 88.617 88.862 89.004 89 88.811 88.424 87.831 87.025 86 84.777 83.496 82.327 81.438 81 81.121 81.672 82.462 83.301 84 84.41 84.552 84.489 84.284 84 83.695 83.407 83.173 83.025 83 83.124 83.395 83.804 84.342 85 85.763 86.591 87.437 88.255 89 89.625 90.083 90.329 90.317 90 89.332 88.267 86.759 84.761
95 93.696 92.342 90.939 89.491 88 86.469 84.901 83.298 81.664 80 78.323 76.702 75.22 73.958 73 72.398 72.09 71.983 71.983 72 71.963 71.898 71.85 71.868 72 72.284 72.728 73.329 74.087 75 76.06 77.231 78.473 79.743 81 82.205 83.332 84.355 85.253 86 86.584 87.035 87.394 87.702 88 88.315 88.617 88.862 89.004 89 88.811 88.424 87.831 87.025 86 84.777 83.496 82.327 81.438 81 81.121 81.672 82.462 83.301 84 84.41 84.552 84.489 84.284 84 83.695 83.407 83.173 83.025 83 83.124 83.395 83.804 84.342 85 85.763 86.591 87.437 88.255 89 89.625 90.083 90.329 90.317 90 89.332 88.267 86.759 84.761
95 93.696 92.342 90.939 89.491 88 86.469 84.901 83.298 81.664 80 78.323 76.702 75.22 73.958 73 72.398 72.09 71.983 71.983 72 71.963 71.898 71.85 71.868 72 72.284 72.728 73.329 74.087 75 76.06 77.231 78.473 79.743 81 82.205 83.332 84.355 85.253 86 86.584 87.035 87.394 87.702 88 88.315 88.617 88.862 89.004 89 88.811 88.424 87.831 87.025 86 84.777 83.496 82.327 81.438 81 81.121 81.672 82.462 83.301 84 84.41 84.552 84.489 84.284 84 83.695 83.407 83.173 83.025 83 83.124 83.395 83.804 84.342 85 85.763 86.591 87.437 88.255 89 89.625 90.083 90.329 90.317 90 89.332 88.267 86.759 84.761
95 93.696 92.342 90.939 89.491 88 86.469 84.901 83.298 81.664 80 78.323 76.702 75.22 73.958 73 72.398 72.09 71.983 71.983 72 71.963 71.898 71.85 71.868 72 72.284 72.728 73.329 74.087 75 76.06 77.231 78.473 79.743 81 82.205 83.332 84.355 85.253 86 86.584 87.035 87.394 87.702 88 88.315 88.617 88.862 89.004 89 88.811 88.424 87.831 87.025 86 84.777 83.496 82.327 81.438 81 81.121 81.672 82.462 83.301 84 84.41 84.552 84.489 84.284 84 83.695 83.407 83.173 83.025 83 83.124 83.395 83.804 84.342 85 85.763 86.591 87.437 88.255 89 89.625 90.083 90.329 90.317 90 89.332 88.267 86.759 84.761
95 93.696 92.342 90.939 89.491 88 86.469 84.901 83.298 81.664 80 78.323 76.702 75.22 73.958 73 72.398 72.09 71.983 71.983 72 71.963 71.898 71.85 71.868 72 72.284 72.728 73.329 74.087 75 76.06 77.231 78.473 79.743 81 82.205 83.332 84.355 85.253 86 86.584 87.035 87.394 87.702 88 88.315 88.617 88.862 89.004 89 88.811 88.424 87.831 87.025 86 84.777 83.496 82.327 81.438 81 81.121 81.672 82.462 83.301 84 84.41 84.552 84.489 84.284 84 83.695 83.407 83.173 83.025 83 83.124 83.395 83.804 84.342 85 85.763 86.591 87.437 88.255 89 89.625 90.083 90.329 90.317 90 89.332 88.267 86.759 84.761
95 93.696 92.342 90.939 89.491 88 86.469 84.901 83.298 81.664 80 78.323 76.702 75.22 73.958 73 72.398 72.09 71.983 71.983 72 71.963 71.898 71.85 71.868 72 72.284 72.728 73.329 74.087 75 76.06 77.231 78.473 79.743 81 82.205 83.332 84.355 85.253 86 86.584 87.035 87.394 87.702 88 88.315 88.617 88.862 89.004 89 88.811 88.424 87.831 87.025 86 84.777 83.496 82.327 81.438 81 81.121 81.672 82.462 83.301 84 84.41 84.552 84.489 84.284 84 83.695 83.407 83.173 83.025 83 83.124 83.395 83.804 84.342 85 85.763 86.591 87.437 88.255 89 89.625 90.083 90.329 90.317 90 89.332 88.267 86.759 84.761
95 93.696 92.342 90.939 89.491 88 86.469 84.901 83.298 81.664 80 78.323 76.702 75.22 73.958 73 72.398 72.09 71.983 71.983 72 71.963 71.898 71.85 71.868 72 72.284 72.728 73.329 74.087 75 76.06 77.231 78.473 79.743 81 82.205 83.332 84.355 85.253 86 86.584 87.035 87.394 87.702 88 88.315 88.617 88.862 89.004 89 88.811 88.424 87.831 87.025 86 84.777 83.496 82.327 81.438 81 81.121 81.672 82.462 83.301 84 84.41 84.552 84.489 84.284 84 83.695 83.407 83.173 83.025 83 83.124 83.395 83.804 84.342 85 85.763 86.591 87.437 88.255 89 89.625 90.083 90.329 90.317 90 89.332 88.267 86.759 84.761
95 93.696 92.342 90.939 89.491 88 86.469 84.901 83.298 81.664 80 78.323 76.702 75.22 73.958 73 72.398 72.09 71.983 71.983 72 71.963 71.898 71.85 71.868 72 72.284 72.728 73.329 74.087 75 76.06 77.231 78.473 79.743 81 82.205 83.332 84.355 85.253 86 86.584 87.035 87.394 87.702 88 88.315 88.617 88.862 89.004 89 88.811 88.424 87.831 87.025 86 84.777 83.496 82.327 81.438 81 81.121 81.672 82.462 83.301 84 84.41 84.552 84.489 84.284 84 83.695 83.407 83.173 83.025 83 83.124 83.395 83.804 84.342 85 85.763 86.591 87.437 88.255 89 89.625 90.083 90.329 90.317 90 89.332 88.267 86.759 84.761
95 93.696 92.342 90.939 89.491 88 86.469 84.901 83.298 81.664 80 78.323 76.702 75.22 73.958 73 72.398 72.09 71.983 71.983 72 71.963 71.898 71.85 71.868 72 72.284 72.728 73.329 74.087 75 76.06 77.231 78.473 79.743 81 82.205 83.332 84.355 85.253 86 86.584 87.035 87.394 87.702 88 88.315 88.617 88.862 89.004 89 88.811 88.424 87.831 87.025 86 84.777 83.496 82.327 81.438 81 81.121 81.672 82.462 83.301 84 84.41 84.552 84.489 84.284 84 83.695 83.407 83.173 83.025 83 83.124 83.395 83.804 84.342 85 85.763 86.591 87.437 88.255 89 89.625 90.083 90.329 90.317 90 89.332 88.267 86.759 84.761
95 93.696 92.342 90.939 89.491 88 86.469 84.901 83.298 81.664 80 78.323 76.702 75.22 73.958 73 72.398 72.09 71.983 71.983 72 71.963 71.898 71.85 71.868 72 72.284 72.728 73.329 74.087 75 76.06 77.231 78.473 79.743 81 82.205 83.332 84.355 85.253 86 86.584 87.035 87.394 87.702 88 88.315 88.617 88.862 89.004 89 88.811 88.424 87.831 87.025 86 84.777 83.496 82.327 81.438 81 81.121 81.672 82.462 83.301 84 84.41 84.552 84.489 84.284 84 83.695 83.407 83.173 83.025 83 83.124 83.395 83.804 84.342 85 85.763 86.591 87.437 88.255 89 89.625 90.083 90.329 90.317 90 89.332 88.267 86.759 84.761
95 93.696 92.342 90.939 89.491 88 86.469 84.901 83.298 81.664 80 78.323 76.702 75.22 73.958 73 72.398 72.09 71.983 71.983 72 71.963 71.898 71.85 71.868 72 72.284 72.728 73.329 74.087 75 76.06 77.231 78.473 79.743 81 82.205 83.332 84.355 85.253 86 86.584 87.035 87.394 87.702 88 88.315 88.617 88.862 89.004 89 88.811 88.424 87.831 87.025 86 84.777 83.496 82.327 81.438 81 81.121 81.672 82.462 83.301 84 84.41 84.552 84.489 84.284 84 83.695 83.407 83.173 83.025 83 83.124 83.395 83.804 84.342 85 85.763 86.591 87.437 88.255 89 89.625 90.083 90.329 90.317 90 89.332 88.267 86.759 84.761
95 93.696 92.342 90.939 89.491 88 86.469 84.901 83.298 81.664 80 78.323 76.702 75.22 73.958 73 72.398 72.09 71.983 71.983 72 71.963 71.898 71.85 71.868 72 72.284 72.728 73.329 74.087 75 76.06 77.231 78.473 79.743 81 82.205 83.332 84.355 85.253 86 86.584 87.035 87.394 87.702 88 88.315 88.617 88.862 89.004 89 88.811 88.424 87.831 87.025 86 84.777 83.496 82.327 81.438 81 81.121 81.672 82.462 83.301 84 84.41 84.552 84.489 84.284 84 83.695 83.407 83.173 83.025 83 83.124 83.395 83.804 84.342 85 85.763 86.591 87.437 88.255 89 89.625 90.083 90.329 90.317 90 89.332 88.267 86.759 84.761
95 93.696 92.342 90.939 89.491 88 86.469 84.901 83.298 81.664 80 78.323 76.702 75.22 73.958 73 72.398 72.09 71.983 71.983 72 71.963 71.898 71.85 71.868 72 72.284 72.728 73.329 74.087 75 76.06 77.231 78.473 79.743 81 82.205 83.332 84.355 85.253 86 86.584 87.035 87.394 87.702 88 88.315 88.617 88.862 89.004 89 88.811 88.424 87.831 87.025 86 84.777 83.496 82.327 81.438 81 81.121 81.672 82.462 83.301 84 84.41 84.552 84.489 84.284 84 83.695 83.407 83.173 83.025 83 83.124 83.395 83.804 84.342 85 85.763 86.591 87.437 88.255 89 89.625 90.083 90.329 90.317 90 89.332 88.267 86.759 84.761
95 93.696 92.342 90.939 89.491 88 86.469 84.901 83.298 81.664 80 78.323 76.702 75.22 73.958 73 72.398 72.09 71.983 71.983 72 71.963 71.898 71.85 71.868 72 72.284 72.728 73.329 74.087 75 76.06 77.231 78.473 79.743 81 82.205 83.332 84.355 85.253 86 86.584 87.035 87.394 87.702 88 88.315 88.617 88.862 89.004 89 88.811 88.424 87.831 87.025 86 84.777 83.496 82.327 81.438 81 81.121 81.672 82.462 83.301 84 84.41 84.552 84.489 84.284 84 83.695 83.407 83.173 83.025 83 83.124 83.395 83.804 84.342 85 85.763 86.591 87.437 88.255 89 89.625 90.083 90.329 90.317 90 89.332 88.267 86.759 84.761
