97 96.112 95.256 94.444 93.688 93 92.392 91.876 91.464 91.168 91 90.96 91 91.061 91.08 91 90.775 90.426 89.99 89.502 89 88.515 88.062 87.652 87.295 87 86.772 86.588 86.418 86.232 86 85.708 85.402 85.142 84.987 85 85.218 85.596 86.064 86.555 87 87.346 87.598 87.778 87.905 88 88.078 88.13 88.144 88.105 88 87.823 87.601 87.367 87.155 87 86.933 86.979 87.157 87.491 88 88.691 89.508 90.38 91.234 92 92.606 92.98 93.052 92.749 92 90.734 88.879 86.364 83.117
97 96.112 95.256 94.444 93.688 93 92.392 91.876 91.464 91.168 91 90.96 91 91.061 91.08 91 90.775 90.426 89.99 89.502 89 88.515 88.062 87.652 87.295 87 86.772 86.588 86.418 86.232 86 85.708 85.402 85.142 84.987 85 85.218 85.596 86.064 86.555 87 87.346 87.598 87.778 87.905 88 88.078 88.13 88.144 88.105 88 87.823 87.601 87.367 87.155 87 86.933 86.979 87.157 87.491 88 88.691 89.508 90.38 91.234 92 92.606 92.98 93.052 92.749 92 90.734 88.879 86.364 83.117
97 96.112 95.256 94.444 93.688 93 92.392 91.876 91.464 91.168 91 90.96 91 91.061 91.08 91 90.775 90.426 89.99 89.502 89 88.515 88.062 87.652 87.295 87 86.772 86.588 86.418 86.232 86 85.708 85.402 85.142 84.987 85 85.218 85.596 86.064 86.555 87 87.346 87.598 87.778 87.905 88 88.078 88.13 88.144 88.105 88 87.823 87.601 87.367 87.155 87 86.933 86.979 87.157 87.491 88 88.691 89.508 90.38 91.234 92 92.606 92.98 93.052 92.749 92 90.734 88.879 86.364 83.117
97 96.112 95.256 94.444 93.688 93 92.392 91.876 91.464 91.168 91 90.96 91 91.061 91.08 91 90.775 90.426 89.99 89.502 89 88.515 88.062 87.652 87.295 87 86.772 86.588 86.418 86.232 86 85.708 85.402 85.142 84.987 85 85.218 85.596 86.064 86.555 87 87.346 87.598 87.778 87.905 88 88.078 88.13 88.144 88.105 88 87.823 87.601 87.367 87.155 87 86.933 86.979 87.157 87.491 88 88.691 89.508 90.38 91.234 92 92.606 92.98 93.052 92.749 92 90.734 88.879 86.364 83.117
97 96.112 95.256 94.444 93.688 93 92.392 91.876 91.464 91.168 91 90.96 91 91.061 91.08 91 90.775 90.426 89.99 89.502 89 88.515 88.062 87.652 87.295 87 86.772 86.588 86.418 86.232 86 85.708 85.402 85.142 84.987 85 85.218 85.596 86.064 86.555 87 87.346 87.598 87.778 87.905 88 88.078 88.13 88.144 88.105 88 87.823 87.601 87.367 87.155 87 86.933 86.979 87.157 87.491 88 88.691 89.508 90.38 91.234 92 92.606 92.98 93.052 92.749 92 90.734 88.879 86.364 83.117
97 96.112 95.256 94.444 93.688 93 92.392 91.876 91.464 91.168 91 90.96 91 91.061 91.08 91 90.775 90.426 89.99 89.502 89 88.515 88.062 87.652 87.295 87 86.772 86.588 86.418 86.232 86 85.708 85.402 85.142 84.987 85 85.218 85.596 86.064 86.555 87 87.346 87.598 87.778 87.905 88 88.078 88.13 88.144 88.105 88 87.823 87.601 87.367 87.155 87 86.933 86.979 87.157 87.491 88 88.691 89.508 90.38 91.234 92 92.606 92.98 93.052 92.749 92 90.734 88.879 86.364 83.117
97 96.112 95.256 94.444 93.688 93 92.392 91.876 91.464 91.168 91 90.96 91 91.061 91.08 91 90.775 90.426 89.99 89.502 89 88.515 88.062 87.652 87.295 87 86.772 86.588 86.418 86.232 86 85.708 85.402 85.142 84.987 85 85.218 85.596 86.064 86.555 87 87.346 87.598 87.778 87.905 88 88.078 88.13 88.144 88.105 88 87.823 87.601 87.367 87.155 87 86.933 86.979 87.157 87.491 88 88.691 89.508 90.38 91.234 92 92.606 92.98 93.052 92.749 92 90.734 88.879 86.364 83.117
97 96.112 95.256 94.444 93.688 93 92.392 91.876 91.464 91.168 91 90.96 91 91.061 91.08 91 90.775 90.426 89.99 89.502 89 88.515 88.062 87.652 87.295 87 86.772 86.588 86.418 86.232 86 85.708 85.402 85.142 84.987 85 85.218 85.596 86.064 86.555 87 87.346 87.598 87.778 87.905 88 88.078 88.13 88.144 88.105 88 87.823 87.601 87.367 87.155 87 86.933 86.979 87.157 87.491 88 88.691 89.508 90.38 91.234 92 92.606 92.98 93.052 92.749 92 90.734 88.879 86.364 83.117
97 96.112 95.256 94.444 93.688 93 92.392 91.876 91.464 91.168 91 90.96 91 91.061 91.08 91 90.775 90.426 89.99 89.502 89 88.515 88.062 87.652 87.295 87 86.772 86.588 86.418 86.232 86 85.708 85.402 85.142 84.987 85 85.218 85.596 86.064 86.555 87 87.346 87.598 87.778 87.905 88 88.078 88.13 88.144 88.105 88 87.823 87.601 87.367 87.155 87 86.933 86.979 87.157 87.491 88 88.691 89.508 90.38 91.234 92 92.606 92.98 93.052 92.749 92 90.734 88.879 86.364 83.117
97 96.112 95.256 94.444 93.688 93 92.392 91.876 91.464 91.168 91 90.96 91 91.061 91.08 91 90.775 90.426 89.99 89.502 89 88.515 88.062 87.652 87.295 87 86.772 86.588 86.418 86.232 86 85.708 85.402 85.142 84.987 85 85.218 85.596 86.064 86.555 87 87.346 87.598 87.778 87.905 88 88.078 88.13 88.144 88.105 88 87.823 87.601 87.367 87.155 87 86.933 86.979 87.157 87.491 88 88.691 89.508 90.38 91.234 92 92.606 92.98 93.052 92.749 92 90.734 88.879 86.364 83.117
97 96.112 95.256 94.444 93.688 93 92.392 91.876 91.464 91.168 91 90.96 91 91.061 91.08 91 90.775 90.426 89.99 89.502 89 88.515 88.062 87.652 87.295 87 86.772 86.588 86.418 86.232 86 85.708 85.402 85.142 84.987 85 85.218 85.596 86.064 86.555 87 87.346 87.598 87.778 87.905 88 88.078 88.13 88.144 88.105 88 87.823 87.601 87.367 87.155 87 86.933 86.979 87.157 87.491 88 88.691 89.508 90.38 91.234 92 92.606 92.98 93.052 92.749 92 90.734 88.879 86.364 83.117
97 96.112 95.256 94.444 93.688 93 92.392 91.876 91.464 91.168 91 90.96 91 91.061 91.08 91 90.775 90.426 89.99 89.502 89 88.515 88.062 87.652 87.295 87 86.772 86.588 86.418 86.232 86 85.708 85.402 85.142 84.987 85 85.218 85.596 86.064 86.555 87 87.346 87.598 87.778 87.905 88 88.078 88.13 88.144 88.105 88 87.823 87.601 87.367 87.155 87 86.933 86.979 87.157 87.491 88 88.691 89.508 90.38 91.234 92 92.606 92.98 93.052 92.749 92 90.734 88.879 86.364 83.117
97 96.112 95.256 94.444 93.688 93 92.392 91.876 91.464 91.168 91 90.96 91 91.061 91.08 91 90.775 90.426 89.99 89.502 89 88.515 88.062 87.652 87.295 87 86.772 86.588 86.418 86.232 86 85.708 85.402 85.142 84.987 85 85.218 85.596 86.064 86.555 87 87.346 87.598 87.778 87.905 88 88.078 88.13 88.144 88.105 88 87.823 87.601 87.367 87.155 87 86.933 86.979 87.157 87.491 88 88.691 89.508 90.38 91.234 92 92.606 92.98 93.052 92.749 92 90.734 88.879 86.364 83.117
97 96.112 95.256 94.444 93.688 93 92.392 91.876 91.464 91.168 91 90.96 91 91.061 91.08 91 90.775 90.426 89.99 89.502 89 88.515 88.062 87.652 87.295 87 86.772 86.588 86.418 86.232 86 85.708 85.402 85.142 84.987 85 85.218 85.596 86.064 86.555 87 87.346 87.598 87.778 87.905 88 88.078 88.13 88.144 88.105 88 87.823 87.601 87.367 87.155 87 86.933 86.979 87.157 87.491 88 88.691 89.508 90.38 91.234 92 92.606 92.98 93.052 92.749 92 90.734 88.879 86.364 83.117
97 96.112 95.256 94.444 93.688 93 92.392 91.876 91.464 91.168 91 90.96 91 91.061 91.08 91 90.775 90.426 89.99 89.502 89 88.515 88.062 87.652 87.295 87 86.772 86.588 86.418 86.232 86 85.708 85.402 85.142 84.987 85 85.218 85.596 86.064 86.555 87 87.346 87.598 87.778 87.905 88 88.078 88.13 88.144 88.105 88 87.823 87.601 87.367 87.155 87 86.933 86.979 87.157 87.491 88 88.691 89.508 90.38 91.234 92 92.606 92.98 93.052 92.749 92 90.734 88.879 86.364 83.117
97 96.112 95.256 94.444 93.688 93 92.392 91.876 91.464 91.168 91 90.96 91 91.061 91.08 91 90.775 90.426 89.99 89.502 89 88.515 88.062 87.652 87.295 87 86.772 86.588 86.418 86.232 86 85.708 85.402 85.142 84.987 85 85.218 85.596 86.064 86.555 87 87.346 87.598 87.778 87.905 88 88.078 88.13 88.144 88.105 88 87.823 87.601 87.367 87.155 87 86.933 86.979 87.157 87.491 88 88.691 89.508 90.38 91.234 92 92.606 92.98 93.052 92.749 92 90.734 88.879 86.364 83.117
97 96.112 95.256 94.444 93.688 93 92.392 91.876 91.464 91.168 91 90.96 91 91.061 91.08 91 90.775 90.426 89.99 89.502 89 88.515 88.062 87.652 87.295 87 86.772 86.588 86.418 86.232 86 85.708 85.402 85.142 84.987 85 85.218 85.596 86.064 86.555 87 87.346 87.598 87.778 87.905 88 88.078 88.13 88.144 88.105 88 87.823 87.601 87.367 87.155 87 86.933 86.979 87.157 87.491 88 88.691 89.508 90.38 91.234 92 92.606 92.98 93.052 92.749 92 90.734 88.879 86.364 83.117
97 96.112 95.256 94.444 93.688 93 92.392 91.876 91.464 91.168 91 90.96 91 91.061 91.08 91 90.775 90.426 89.99 89.502 89 88.515 88.062 87.652 87.295 87 86.772 86.588 86.418 86.232 86 85.708 85.402 85.142 84.987 85 85.218 85.596 86.064 86.555 87 87.346 87.598 87.778 87.905 88 88.078 88.13 88.144 88.105 88 87.823 87.601 87.367 87.155 87 86.933 86.979 87.157 87.491 88 88.691 89.508 90.38 91.234 92 92.606 92.98 93.052 92.749 92 90.734 88.879 86.364 83.117
97 96.112 95.256 94.444 93.688 93 92.392 91.876 91.464 91.168 91 90.96 91 91.061 91.08 91 90.775 90.426 89.99 89.502 89 88.515 88.062 87.652 87.295 87 86.772 86.588 86.418 86.232 86 85.708 85.402 85.142 84.987 85 85.218 85.596 86.064 86.555 87 87.346 87.598 87.778 87.905 88 88.078 88.13 88.144 88.105 88 87.823 87.601 87.367 87.155 87 86.933 86.979 87.157 87.491 88 88.691 89.508 90.38 91.234 92 92.606 92.98 93.052 92.749 92 90.734 88.879 86.364 83.117
97 96.112 95.256 94.444 93.688 93 92.392 91.876 91.464 91.168 91 90.96 91 91.061 91.08 91 90.775 90.426 89.99 89.502 89 88.515 88.062 87.652 87.295 87 86.772 86.588 86.418 86.232 86 85.708 85.402 85.142 84.987 85 85.218 85.596 86.064 86.555 87 87.346 87.598 87.778 87.905 88 88.078 88.13 88.144 88.105 88 87.823 87.601 87.367 87.155 87 86.933 86.979 87.157 87.491 88 88.691 89.508 90.38 91.234 92 92.606 92.98 93.052 92.749 92 90.734 88.879 86.364 83.117
97 96.112 95.256 94.444 93.688 93 92.392 91.876 91.464 91.168 91 90.96 91 91.061 91.08 91 90.775 90.426 89.99 89.502 89 88.515 88.062 87.652 87.295 87 86.772 86.588 86.418 86.232 86 85.708 85.402 85.142 84.987 85 85.218 85.596 86.064 86.555 87 87.346 87.598 87.778 87.905 88 88.078 88.13 88.144 88.105 88 87.823 87.601 87.367 87.155 87 86.933 86.979 87.157 87.491 88 88.691 89.508 90.38 91.234 92 92.606 92.98 93.052 92.749 92 90.734 88.879 86.364 83.117
97 96.112 95.256 94.444 93.688 93 92.392 91.876 91.464 91.168 91 90.96 91 91.061 91.08 91 90.775 90.426 89.99 89.502 89 88.515 88.062 87.652 87.295 87 86.772 86.588 86.418 86.232 86 85.708 85.402 85.142 84.987 85 85.218 85.596 86.064 86.555 87 87.346 87.598 87.778 87.905 88 88.078 88.13 88.144 88.105 88 87.823 87.601 87.367 87.155 87 86.933 86.979 87.157 87.491 88 88.691 89.508 90.38 91.234 92 92.606 92.98 93.052 92.749 92 90.734 88.879 86.364 83.117
97 96.112 95.256 94.444 93.688 93 92.392 91.876 91.464 91.168 91 90.96 91 91.061 91.08 91 90.775 90.426 89.99 89.502 89 88.515 88.062 87.652 87.295 87 86.772 86.588 86.418 86.232 86 85.708 85.402 85.142 84.987 85 85.218 85.596 86.064 86.555 87 87.346 87.598 87.778 87.905 88 88.078 88.13 88.144 88.105 88 87.823 87.601 87.367 87.155 87 86.933 86.979 87.157 87.491 88 88.691 89.508 90.38 91.234 92 92.606 92.98 93.052 92.749 92 90.734 88.879 86.364 83.117
97 96.112 95.256 94.444 93.688 93 92.392 91.876 91.464 91.168 91 90.96 91 91.061 91.08 91 90.775 90.426 89.99 89.502 89 88.515 88.062 87.652 87.295 87 86.772 86.588 86.418 86.232 86 85.708 85.402 85.142 84.987 85 85.218 85.596 86.064 86.555 87 87.346 87.598 87.778 87.905 88 88.078 88.13 88.144 88.105 88 87.823 87.601 87.367 87.155 87 86.933 86.979 87.157 87.491 88 88.691 89.508 90.38 91.234 92 92.606 92.98 93.052 92.749 92 90.734 88.879 86.364 83.117
97 96.112 95.256 94.444 93.688 93 92.392 91.876 91.464 91.168 91 90.96 91 91.061 91.08 91 90.775 90.426 89.99 89.502 89 88.515 88.062 87.652 87.295 87 86.772 86.588 86.418 86.232 86 85.708 85.402 85.142 84.987 85 85.218 85.596 86.064 86.555 87 87.346 87.598 87.778 87.905 88 88.078 88.13 88.144 88.105 88 87.823 87.601 87.367 87.155 87 86.933 86.979 87.157 87.491 88 88.691 89.508 90.38 91.234 92 92.606 92.98 93.052 92.749 92 90.734 88.879 86.364 83.117
97 96.112 95.256 94.444 93.688 93 92.392 91.876 91.464 91.168 91 90.96 91 91.061 91.08 91 90.775 90.426 89.99 89.502 89 88.515 88.062 87.652 87.295 87 86.772 86.588 86.418 86.232 86 85.708 85.402 85.142 84.987 85 85.218 85.596 86.064 86.555 87 87.346 87.598 87.778 87.905 88 88.078 88.13 88.144 88.105 88 87.823 87.601 87.367 87.155 87 86.933 86.979 87.157 87.491 88 88.691 89.508 90.38 91.234 92 92.606 92.98 93.052 92.749 92 90.734 88.879 86.364 83.117
97 96.112 95.256 94.444 93.688 93 92.392 91.876 91.464 91.168 91 90.96 91 91.061 91.08 91 90.775 90.426 89.99 89.502 89 88.515 88.062 87.652 87.295 87 86.772 86.588 86.418 86.232 86 85.708 85.402 85.142 84.987 85 85.218 85.596 86.064 86.555 87 87.346 87.598 87.778 87.905 88 88.078 88.13 88.144 88.105 88 87.823 87.601 87.367 87.155 87 86.933 86.979 87.157 87.491 88 88.691 89.508 90.38 91.234 92 92.606 92.98 93.052 92.749 92 90.734 88.879 86.364 83.117
97 96.112 95.256 94.444 93.688 93 92.392 91.876 91.464 91.168 91 90.96 91 91.061 91.08 91 90.775 90.426 89.99 89.502 89 88.515 88.062 87.652 87.295 87 86.772 86.588 86.418 86.232 86 85.708 85.402 85.142 84.987 85 85.218 85.596 86.064 86.555 87 87.346 87.598 87.778 87.905 88 88.078 88.13 88.144 88.105 88 87.823 87.601 87.367 87.155 87 86.933 86.979 87.157 87.491 88 88.691 89.508 90.38 91.234 92 92.606 92.98 93.052 92.749 92 90.734 88.879 86.364 83.117
97 96.112 95.256 94.444 93.688 93 92.392 91.876 91.464 91.168 91 90.96 91 91.061 91.08 91 90.775 90.426 89.99 89.502 89 88.515 88.062 87.652 87.295 87 86.772 86.588 86.418 86.232 86 85.708 85.402 85.142 84.987 85 85.218 85.596 86.064 86.555 87 87.346 87.598 87.778 87.905 88 88.078 88.13 88.144 88.105 88 87.823 87.601 87.367 87.155 87 86.933 86.979 87.157 87.491 88 88.691 89.508 90.38 91.234 92 92.606 92.98 93.052 92.749 92 90.734 88.879 86.364 83.117
97 96.112 95.256 94.444 93.688 93 92.392 91.876 91.464 91.168 91 90.96 91 91.061 91.08 91 90.775 90.426 89.99 89.502 89 88.515 88.062 87.652 87.295 87 86.772 86.588 86.418 86.232 86 85.708 85.402 85.142 84.987 85 85.218 85.596 86.064 86.555 87 87.346 87.598 87.778 87.905 88 88.078 88.13 88.144 88.105 88 87.823 87.601 87.367 87.155 87 86.933 86.979 87.157 87.491 88 88.691 89.508 90.38 91.234 92 92.606 92.98 93.052 92.749 92 90.734 88.879 86.364 83.117
97 96.112 95.256 94.444 93.688 93 92.392 91.876 91.464 91.168 91 90.96 91 91.061 91.08 91 90.775 90.426 89.99 89.502 89 88.515 88.062 87.652 87.295 87 86.772 86.588 86.418 86.232 86 85.708 85.402 85.142 84.987 85 85.218 85.596 86.064 86.555 87 87.346 87.598 87.778 87.905 88 88.078 88.13 88.144 88.105 88 87.823 87.601 87.367 87.155 87 86.933 86.979 87.157 87.491 88 88.691 89.508 90.38 91.234 92 92.606 92.98 93.052 92.749 92 90.734 88.879 86.364 83.117
97 96.112 95.256 94.444 93.688 93 92.392 91.876 91.464 91.168 91 90.96 91 91.061 91.08 91 90.775 90.426 89.99 89.502 89 88.515 88.062 87.652 87.295 87 86.772 86.588 86.418 86.232 86 85.708 85.402 85.142 84.987 85 85.218 85.596 86.064 86.555 87 87.346 87.598 87.778 87.905 88 88.078 88.13 88.144 88.105 88 87.823 87.601 87.367 87.155 87 86.933 86.979 87.157 87.491 88 88.691 89.508 90.38 91.234 92 92.606 92.98 93.052 92.749 92 90.734 88.879 86.364 83.117
97 96.112 95.256 94.444 93.688 93 92.392 91.876 91.464 91.168 91 90.96 91 91.061 91.08 91 90.775 90.426 89.99 89.502 89 88.515 88.062 87.652 87.295 87 86.772 86.588 86.418 86.232 86 85.708 85.402 85.142 84.987 85 85.218 85.596 86.064 86.555 87 87.346 87.598 87.778 87.905 88 88.078 88.13 88.144 88.105 88 87.823 87.601 87.367 87.155 87 86.933 86.979 87.157 87.491 88 88.691 89.508 90.38 91.234 92 92.606 92.98 93.052 92.749 92 90.734 88.879 86.364 83.117
97 96.112 95.256 94.444 93.688 93 92.392 91.876 91.464 91.168 91 90.96 91 91.061 91.08 91 90.775 90.426 89.99 89.502 89 88.515 88.062 87.652 87.295 87 86.772 86.588 86.418 86.232 86 85.708 85.402 85.142 84.987 85 85.218 85.596 86.064 86.555 87 87.346 87.598 87.778 87.905 88 88.078 88.13 88.144 88.105 88 87.823 87.601 87.367 87.155 87 86.933 86.979 87.157 87.491 88 88.691 89.508 90.38 91.234 92 92.606 92.98 93.052 92.749 92 90.734 88.879 86.364 83.117
97 96.112 95.256 94.444 93.688 93 92.392 91.876 91.464 91.168 91 90.96 91 91.061 91.08 91 90.775 90.426 89.99 89.502 89 88.515 88.062 87.652 87.295 87 86.772 86.588 86.418 86.232 86 85.708 85.402 85.142 84.987 85 85.218 85.596 86.064 86.555 87 87.346 87.598 87.778 87.905 88 88.078 88.13 88.144 88.105 88 87.823 87.601 87.367 87.155 87 86.933 86.979 87.157 87.491 88 88.691 89.508 90.38 91.234 92 92.606 92.98 93.052 92.749 92 90.734 88.879 86.364 83.117
97 96.112 95.256 94.444 93.688 93 92.392 91.876 91.464 91.168 91 90.96 91 91.061 91.08 91 90.775 90.426 89.99 89.502 89 88.515 88.062 87.652 87.295 87 86.772 86.588 86.418 86.232 86 85.708 85.402 85.142 84.987 85 85.218 85.596 86.064 86.555 87 87.346 87.598 87.778 87.905 88 88.078 88.13 88.144 88.105 88 87.823 87.601 87.367 87.155 87 86.933 86.979 87.157 87.491 88 88.691 89.508 90.38 91.234 92 92.606 92.98 93.052 92.749 92 90.734 88.879 86.364 83.117
97 96.112 95.256 94.444 93.688 93 92.392 91.876 91.464 91.168 91 90.96 91 91.061 91.08 91 90.775 90.426 89.99 89.502 89 88.515 88.062 87.652 87.295 87 86.772 86.588 86.418 86.232 86 85.708 85.402 85.142 84.987 85 85.218 85.596 86.064 86.555 87 87.346 87.598 87.778 87.905 88 88.078 88.13 88.144 88.105 88 87.823 87.601 87.367 87.155 87 86.933 86.979 87.157 87.491 88 88.691 89.508 90.38 91.234 92 92.606 92.98 93.052 92.749 92 90.734 88.879 86.364 83.117
97 96.112 95.256 94.444 93.688 93 92.392 91.876 91.464 91.168 91 90.96 91 91.061 91.08 91 90.775 90.426 89.99 89.502 89 88.515 88.062 87.652 87.295 87 86.772 86.588 86.418 86.232 86 85.708 85.402 85.142 84.987 85 85.218 85.596 86.064 86.555 87 87.346 87.598 87.778 87.905 88 88.078 88.13 88.144 88.105 88 87.823 87.601 87.367 87.155 87 86.933 86.979 87.157 87.491 88 88.691 89.508 90.38 91.234 92 92.606 92.98 93.052 92.749 92 90.734 88.879 86.364 83.117
97 96.112 95.256 94.444 93.688 93 92.392 91.876 91.464 91.168 91 90.96 91 91.061 91.08 91 90.775 90.426 89.99 89.502 89 88.515 88.062 87.652 87.295 87 86.772 86.588 86.418 86.232 86 85.708 85.402 85.142 84.987 85 85.218 85.596 86.064 86.555 87 87.346 87.598 87.778 87.905 88 88.078 88.13 88.144 88.105 88 87.823 87.601 87.367 87.155 87 86.933 86.979 87.157 87.491 88 88.691 89.508 90.38 91.234 92 92.606 92.98 93.052 92.749 92 90.734 88.879 86.364 83.117
97 96.112 95.256 94.444 93.688 93 92.392 91.876 91.464 91.168 91 90.96 91 91.061 91.08 91 90.775 90.426 89.99 89.502 89 88.515 88.062 87.652 87.295 87 86.772 86.588 86.418 86.232 86 85.708 85.402 85.142 84.987 85 85.218 85.596 86.064 86.555 87 87.346 87.598 87.778 87.905 88 88.078 88.13 88.144 88.105 88 87.823 87.601 87.367 87.155 87 86.933 86.979 87.157 87.491 88 88.691 89.508 90.38 91.234 92 92.606 92.98 93.052 92.749 92 90.734 88.879 86.364 83.117
97 96.112 95.256 94.444 93.688 93 92.392 91.876 91.464 91.168 91 90.96 91 91.061 91.08 91 90.775 90.426 89.99 89.502 89 88.515 88.062 87.652 87.295 87 86.772 86.588 86.418 86.232 86 85.708 85.402 85.142 84.987 85 85.218 85.596 86.064 86.555 87 87.346 87.598 87.778 87.905 88 88.078 88.13 88.144 88.105 88 87.823 87.601 87.367 87.155 87 86.933 86.979 87.157 87.491 88 88.691 89.508 90.38 91.234 92 92.606 92.98 93.052 92.749 92 90.734 88.879 86.364 83.117
97 96.112 95.256 94.444 93.688 93 92.392 91.876 91.464 91.168 91 90.96 91 91.061 91.08 91 90.775 90.426 89.99 89.502 89 88.515 88.062 87.652 87.295 87 86.772 86.588 86.418 86.232 86 85.708 85.402 85.142 84.987 85 85.218 85.596 86.064 86.555 87 87.346 87.598 87.778 87.905 88 88.078 88.13 88.144 88.105 88 87.823 87.601 87.367 87.155 87 86.933 86.979 87.157 87.491 88 88.691 89.508 90.38 91.234 92 92.606 92.98 93.052 92.749 92 90.734 88.879 86.364 83.117
97 96.112 95.256 94.444 93.688 93 92.392 91.876 91.464 91.168 91 90.96 91 91.061 91.08 91 90.775 90.426 89.99 89.502 89 88.515 88.062 87.652 87.295 87 86.772 86.588 86.418 86.232 86 85.708 85.402 85.142 84.987 85 85.218 85.596 86.064 86.555 87 87.346 87.598 87.778 87.905 88 88.078 88.13 88.144 88.105 88 87.823 87.601 87.367 87.155 87 86.933 86.979 87.157 87.491 88 88.691 89.508 90.38 91.234 92 92.606 92.98 93.052 92.749 92 90.734 88.879 86.364 83.117
97 96.112 95.256 94.444 93.688 93 92.392 91.876 91.464 91.168 91 90.96 91 91.061 91.08 91 90.775 90.426 89.99 89.502 89 88.515 88.062 87.652 87.295 87 86.772 86.588 86.418 86.232 86 85.708 85.402 85.142 84.987 85 85.218 85.596 86.064 86.555 87 87.346 87.598 87.778 87.905 88 88.078 88.13 88.144 88.105 88 87.823 87.601 87.367 87.155 87 86.933 86.979 87.157 87.491 88 88.691 89.508 90.38 91.234 92 92.606 92.98 93.052 92.749 92 90.734 88.879 86.364 83.117
97 96.112 95.256 94.444 93.688 93 92.392 91.876 91.464 91.168 91 90.96 91 91.061 91.08 91 90.775 90.426 89.99 89.502 89 88.515 88.062 87.652 87.295 87 86.772 86.588 86.418 86.232 86 85.708 85.402 85.142 84.987 85 85.218 85.596 86.064 86.555 87 87.346 87.598 87.778 87.905 88 88.078 88.13 88.144 88.105 88 87.823 87.601 87.367 87.155 87 86.933 86.979 87.157 87.491 88 88.691 89.508 90.38 91.234 92 92.606 92.98 93.052 92.749 92 90.734 88.879 86.364 83.117
97 96.112 95.256 94.444 93.688 93 92.392 91.876 91.464 91.168 91 90.96 91 91.061 91.08 91 90.775 90.426 89.99 89.502 89 88.515 88.062 87.652 87.295 87 86.772 86.588 86.418 86.232 86 85.708 85.402 85.142 84.987 85 85.218 85.596 86.064 86.555 87 87.346 87.598 87.778 87.905 88 88.078 88.13 88.144 88.105 88 87.823 87.601 87.367 87.155 87 86.933 86.979 87.157 87.491 88 88.691 89.508 90.38 91.234 92 92.606 92.98 93.052 92.749 92 90.734 88.879 86.364 83.117
97 96.112 95.256 94.444 93.688 93 92.392 91.876 91.464 91.168 91 90.96 91 91.061 91.08 91 90.775 90.426 89.99 89.502 89 88.515 88.062 87.652 87.295 87 86.772 86.588 86.418 86.232 86 85.708 85.402 85.142 84.987 85 85.218 85.596 86.064 86.555 87 87.346 87.598 87.778 87.905 88 88.078 88.13 88.144 88.105 88 87.823 87.601 87.367 87.155 87 86.933 86.979 87.157 87.491 88 88.691 89.508 90.38 91.234 92 92.606 92.98 93.052 92.749 92 90.734 88.879 86.364 83.117
97 96.112 95.256 94.444 93.688 93 92.392 91.876 91.464 91.168 91 90.96 91 91.061 91.08 91 90.775 90.426 89.99 89.502 89 88.515 88.062 87.652 87.295 87 86.772 86.588 86.418 86.232 86 85.708 85.402 85.142 84.987 85 85.218 85.596 86.064 86.555 87 87.346 87.598 87.778 87.905 88 88.078 88.13 88.144 88.105 88 87.823 87.601 87.367 87.155 87 86.933 86.979 87.157 87.491 88 88.691 89.508 90.38 91.234 92 92.606 92.98 93.052 92.749 92 90.734 88.879 86.364 83.117
97 96.112 95.256 94.444 93.688 93 92.392 91.876 91.464 91.168 91 90.96 91 91.061 91.08 91 90.775 90.426 89.99 89.502 89 88.515 88.062 87.652 87.295 87 86.772 86.588 86.418 86.232 86 85.708 85.402 85.142 84.987 85 85.218 85.596 86.064 86.555 87 87.346 87.598 87.778 87.905 88 88.078 88.13 88.144 88.105 88 87.823 87.601 87.367 87.155 87 86.933 86.979 87.157 87.491 88 88.691 89.508 90.38 91.234 92 92.606 92.98 93.052 92.749 92 90.734 88.879 86.364 83.117
97 96.112 95.256 94.444 93.688 93 92.392 91.876 91.464 91.168 91 90.96 91 91.061 91.08 91 90.775 90.426 89.99 89.502 89 88.515 88.062 87.652 87.295 87 86.772 86.588 86.418 86.232 86 85.708 85.402 85.142 84.987 85 85.218 85.596 86.064 86.555 87 87.346 87.598 87.778 87.905 88 88.078 88.13 88.144 88.105 88 87.823 87.601 87.367 87.155 87 86.933 86.979 87.157 87.491 88 88.691 89.508 90.38 91.234 92 92.606 92.98 93.052 92.749 92 90.734 88.879 86.364 83.117
97 96.112 95.256 94.444 93.688 93 92.392 91.876 91.464 91.168 91 90.96 91 91.061 91.08 91 90.775 90.426 89.99 89.502 89 88.515 88.062 87.652 87.295 87 86.772 86.588 86.418 86.232 86 85.708 85.402 85.142 84.987 85 85.218 85.596 86.064 86.555 87 87.346 87.598 87.778 87.905 88 88.078 88.13 88.144 88.105 88 87.823 87.601 87.367 87.155 87 86.933 86.979 87.157 87.491 88 88.691 89.508 90.38 91.234 92 92.606 92.98 93.052 92.749 92 90.734 88.879 86.364 83.117
97 96.112 95.256 94.444 93.688 93 92.392 91.876 91.464 91.168 91 90.96 91 91.061 91.08 91 90.775 90.426 89.99 89.502 89 88.515 88.062 87.652 87.295 87 86.772 86.588 86.418 86.232 86 85.708 85.402 85.142 84.987 85 85.218 85.596 86.064 86.555 87 87.346 87.598 87.778 87.905 88 88.078 88.13 88.144 88.105 88 87.823 87.601 87.367 87.155 87 86.933 86.979 87.157 87.491 88 88.691 89.508 90.38 91.234 92 92.606 92.98 93.052 92.749 92 90.734 88.879 86.364 83.117
97 96.112 95.256 94.444 93.688 93 92.392 91.876 91.464 91.168 91 90.96 91 91.061 91.08 91 90.775 90.426 89.99 89.502 89 88.515 88.062 87.652 87.295 87 86.772 86.588 86.418 86.232 86 85.708 85.402 85.142 84.987 85 85.218 85.596 86.064 86.555 87 87.346 87.598 87.778 87.905 88 88.078 88.13 88.144 88.105 88 87.823 87.601 87.367 87.155 87 86.933 86.979 87.157 87.491 88 88.691 89.508 90.38 91.234 92 92.606 92.98 93.052 92.749 92 90.734 88.879 86.364 83.117
97 96.112 95.256 94.444 93.688 93 92.392 91.876 91.464 91.168 91 90.96 91 91.061 91.08 91 90.775 90.426 89.99 89.502 89 88.515 88.062 87.652 87.295 87 86.772 86.588 86.418 86.232 86 85.708 85.402 85.142 84.987 85 85.218 85.596 86.064 86.555 87 87.346 87.598 87.778 87.905 88 88.078 88.13 88.144 88.105 88 87.823 87.601 87.367 87.155 87 86.933 86.979 87.157 87.491 88 88.691 89.508 90.38 91.234 92 92.606 92.98 93.052 92.749 92 90.734 88.879 86.364 83.117
97 96.112 95.256 94.444 93.688 93 92.392 91.876 91.464 91.168 91 90.96 91 91.061 91.08 91 90.775 90.426 89.99 89.502 89 88.515 88.062 87.652 87.295 87 86.772 86.588 86.418 86.232 86 85.708 85.402 85.142 84.987 85 85.218 85.596 86.064 86.555 87 87.346 87.598 87.778 87.905 88 88.078 88.13 88.144 88.105 88 87.823 87.601 87.367 87.155 87 86.933 86.979 87.157 87.491 88 88.691 89.508 90.38 91.234 92 92.606 92.98 93.052 92.749 92 90.734 88.879 86.364 83.117
97 96.112 95.256 94.444 93.688 93 92.392 91.876 91.464 91.168 91 90.96 91 91.061 91.08 91 90.775 90.426 89.99 89.502 89 88.515 88.062 87.652 87.295 87 86.772 86.588 86.418 86.232 86 85.708 85.402 85.142 84.987 85 85.218 85.596 86.064 86.555 87 87.346 87.598 87.778 87.905 88 88.078 88.13 88.144 88.105 88 87.823 87.601 87.367 87.155 87 86.933 86.979 87.157 87.491 88 88.691 89.508 90.38 91.234 92 92.606 92.98 93.052 92.749 92 90.734 88.879 86.364 83.117
97 96.112 95.256 94.444 93.688 93 92.392 91.876 91.464 91.168 91 90.96 91 91.061 91.08 91 90.775 90.426 89.99 89.502 89 88.515 88.062 87.652 87.295 87 86.772 86.588 86.418 86.232 86 85.708 85.402 85.142 84.987 85 85.218 85.596 86.064 86.555 87 87.346 87.598 87.778 87.905 88 88.078 88.13 88.144 88.105 88 87.823 87.601 87.367 87.155 87 86.933 86.979 87.157 87.491 88 88.691 89.508 90.38 91.234 92 92.606 92.98 93.052 92.749 92 90.734 88.879 86.364 83.117
97 96.112 95.256 94.444 93.688 93 92.392 91.876 91.464 91.168 91 90.96 91 91.061 91.08 91 90.775 90.426 89.99 89.502 89 88.515 88.062 87.652 87.295 87 86.772 86.588 86.418 86.232 86 85.708 85.402 85.142 84.987 85 85.218 85.596 86.064 86.555 87 87.346 87.598 87.778 87.905 88 88.078 88.13 88.144 88.105 88 87.823 87.601 87.367 87.155 87 86.933 86.979 87.157 87.491 88 88.691 89.508 90.38 91.234 92 92.606 92.98 93.052 92.749 92 90.734 88.879 86.364 83.117
97 96.112 95.256 94.444 93.688 93 92.392 91.876 91.464 91.168 91 90.96 91 91.061 91.08 91 90.775 90.426 89.99 89.502 89 88.515 88.062 87.652 87.295 87 86.772 86.588 86.418 86.232 86 85.708 85.402 85.142 84.987 85 85.218 85.596 86.064 86.555 87 87.346 87.598 87.778 87.905 88 88.078 88.13 88.144 88.105 88 87.823 87.601 87.367 87.155 87 86.933 86.979 87.157 87.491 88 88.691 89.508 90.38 91.234 92 92.606 92.98 93.052 92.749 92 90.734 88.879 86.364 83.117
97 96.112 95.256 94.444 93.688 93 92.392 91.876 91.464 91.168 91 90.96 91 91.061 91.08 91 90.775 90.426 89.99 89.502 89 88.515 88.062 87.652 87.295 87 86.772 86.588 86.418 86.232 86 85.708 85.402 85.142 84.987 85 85.218 85.596 86.064 86.555 87 87.346 87.598 87.778 87.905 88 88.078 88.13 88.144 88.105 88 87.823 87.601 87.367 87.155 87 86.933 86.979 87.157 87.491 88 88.691 89.508 90.38 91.234 92 92.606 92.98 93.052 92.749 92 90.734 88.879 86.364 83.117
97 96.112 95.256 94.444 93.688 93 92.392 91.876 91.464 91.168 91 90.96 91 91.061 91.08 91 90.775 90.426 89.99 89.502 89 88.515 88.062 87.652 87.295 87 86.772 86.588 86.418 86.232 86 85.708 85.402 85.142 84.987 85 85.218 85.596 86.064 86.555 87 87.346 87.598 87.778 87.905 88 88.078 88.13 88.144 88.105 88 87.823 87.601 87.367 87.155 87 86.933 86.979 87.157 87.491 88 88.691 89.508 90.38 91.234 92 92.606 92.98 93.052 92.749 92 90.734 88.879 86.364 83.117
97 96.112 95.256 94.444 93.688 93 92.392 91.876 91.464 91.168 91 90.96 91 91.061 91.08 91 90.775 90.426 89.99 89.502 89 88.515 88.062 87.652 87.295 87 86.772 86.588 86.418 86.232 86 85.708 85.402 85.142 84.987 85 85.218 85.596 86.064 86.555 87 87.346 87.598 87.778 87.905 88 88.078 88.13 88.144 88.105 88 87.823 87.601 87.367 87.155 87 86.933 86.979 87.157 87.491 88 88.691 89.508 90.38 91.234 92 92.606 92.98 93.052 92.749 92 90.734 88.879 86.364 83.117
97 96.112 95.256 94.444 93.688 93 92.392 91.876 91.464 91.168 91 90.96 91 91.061 91.08 91 90.775 90.426 89.99 89.502 89 88.515 88.062 87.652 87.295 87 86.772 86.588 86.418 86.232 86 85.708 85.402 85.142 84.987 85 85.218 85.596 86.064 86.555 87 87.346 87.598 87.778 87.905 88 88.078 88.13 88.144 88.105 88 87.823 87.601 87.367 87.155 87 86.933 86.979 87.157 87.491 88 88.691 89.508 90.38 91.234 92 92.606 92.98 93.052 92.749 92 90.734 88.879 86.364 83.117
97 96.112 95.256 94.444 93.688 93 92.392 91.876 91.464 91.168 91 90.96 91 91.061 91.08 91 90.775 90.426 89.99 89.502 89 88.515 88.062 87.652 87.295 87 86.772 86.588 86.418 86.232 86 85.708 85.402 85.142 84.987 85 85.218 85.596 86.064 86.555 87 87.346 87.598 87.778 87.905 88 88.078 88.13 88.144 88.105 88 87.823 87.601 87.367 87.155 87 86.933 86.979 87.157 87.491 88 88.691 89.508 90.38 91.234 92 92.606 92.98 93.052 92.749 92 90.734 88.879 86.364 83.117
