110 109.97 109.47 108.58 107.39 106 104.49 102.94 101.45 100.11 99 98.191 97.647 97.306 97.111 97 96.925 96.882 96.876 96.913 97 97.139 97.321 97.533 97.764 98 98.231 98.451 98.656 98.84 99 99.137 99.274 99.444 99.676 100 100.44 100.98 101.6 102.28 103 103.74 104.51 105.3 106.13 107 107.89 108.68 109.23 109.38 109 107.99 106.49 104.69 102.8 101 99.47 98.27 97.434 96.999 97 97.443 98.211 99.157 100.14 101 101.63 102.02 102.2 102.18 102 101.67 101.26 100.8 100.37 100 99.752 99.629 99.631 99.755 100 100.37 100.85 101.45 102.17 103 103.95 105 106.17 107.45
110 109.97 109.47 108.58 107.39 106 104.49 102.94 101.45 100.11 99 98.191 97.647 97.306 97.111 97 96.925 96.882 96.876 96.913 97 97.139 97.321 97.533 97.764 98 98.231 98.451 98.656 98.84 99 99.137 99.274 99.444 99.676 100 100.44 100.98 101.6 102.28 103 103.74 104.51 105.3 106.13 107 107.89 108.68 109.23 109.38 109 107.99 106.49 104.69 102.8 101 99.47 98.27 97.434 96.999 97 97.443 98.211 99.157 100.14 101 101.63 102.02 102.2 102.18 102 101.67 101.26 100.8 100.37 100 99.752 99.629 99.631 99.755 100 100.37 100.85 101.45 102.17 103 103.95 105 106.17 107.45
110 109.97 109.47 108.58 107.39 106 104.49 102.94 101.45 100.11 99 98.191 97.647 97.306 97.111 97 96.925 96.882 96.876 96.913 97 97.139 97.321 97.533 97.764 98 98.231 98.451 98.656 98.84 99 99.137 99.274 99.444 99.676 100 100.44 100.98 101.6 102.28 103 103.74 104.51 105.3 106.13 107 107.89 108.68 109.23 109.38 109 107.99 106.49 104.69 102.8 101 99.47 98.27 97.434 96.999 97 97.443 98.211 99.157 100.14 101 101.63 102.02 102.2 102.18 102 101.67 101.26 100.8 100.37 100 99.752 99.629 99.631 99.755 100 100.37 100.85 101.45 102.17 103 103.95 105 106.17 107.45
110 109.97 109.47 108.58 107.39 106 104.49 102.94 101.45 100.11 99 98.191 97.647 97.306 97.111 97 96.925 96.882 96.876 96.913 97 97.139 97.321 97.533 97.764 98 98.231 98.451 98.656 98.84 99 99.137 99.274 99.444 99.676 100 100.44 100.98 101.6 102.28 103 103.74 104.51 105.3 106.13 107 107.89 108.68 109.23 109.38 109 107.99 106.49 104.69 102.8 101 99.47 98.27 97.434 96.999 97 97.443 98.211 99.157 100.14 101 101.63 102.02 102.2 102.18 102 101.67 101.26 100.8 100.37 100 99.752 99.629 99.631 99.755 100 100.37 100.85 101.45 102.17 103 103.95 105 106.17 107.45
110 109.97 109.47 108.58 107.39 106 104.49 102.94 101.45 100.11 99 98.191 97.647 97.306 97.111 97 96.925 96.882 96.876 96.913 97 97.139 97.321 97.533 97.764 98 98.231 98.451 98.656 98.84 99 99.137 99.274 99.444 99.676 100 100.44 100.98 101.6 102.28 103 103.74 104.51 105.3 106.13 107 107.89 108.68 109.23 109.38 109 107.99 106.49 104.69 102.8 101 99.47 98.27 97.434 96.999 97 97.443 98.211 99.157 100.14 101 101.63 102.02 102.2 102.18 102 101.67 101.26 100.8 100.37 100 99.752 99.629 99.631 99.755 100 100.37 100.85 101.45 102.17 103 103.95 105 106.17 107.45
110 109.97 109.47 108.58 107.39 106 104.49 102.94 101.45 100.11 99 98.191 97.647 97.306 97.111 97 96.925 96.882 96.876 96.913 97 97.139 97.321 97.533 97.764 98 98.231 98.451 98.656 98.84 99 99.137 99.274 99.444 99.676 100 100.44 100.98 101.6 102.28 103 103.74 104.51 105.3 106.13 107 107.89 108.68 109.23 109.38 109 107.99 106.49 104.69 102.8 101 99.47 98.27 97.434 96.999 97 97.443 98.211 99.157 100.14 101 101.63 102.02 102.2 102.18 102 101.67 101.26 100.8 100.37 100 99.752 99.629 99.631 99.755 100 100.37 100.85 101.45 102.17 103 103.95 105 106.17 107.45
110 109.97 109.47 108.58 107.39 106 104.49 102.94 101.45 100.11 99 98.191 97.647 97.306 97.111 97 96.925 96.882 96.876 96.913 97 97.139 97.321 97.533 97.764 98 98.231 98.451 98.656 98.84 99 99.137 99.274 99.444 99.676 100 100.44 100.98 101.6 102.28 103 103.74 104.51 105.3 106.13 107 107.89 108.68 109.23 109.38 109 107.99 106.49 104.69 102.8 101 99.47 98.27 97.434 96.999 97 97.443 98.211 99.157 100.14 101 101.63 102.02 102.2 102.18 102 101.67 101.26 100.8 100.37 100 99.752 99.629 99.631 99.755 100 100.37 100.85 101.45 102.17 103 103.95 105 106.17 107.45
110 109.97 109.47 108.58 107.39 106 104.49 102.94 101.45 100.11 99 98.191 97.647 97.306 97.111 97 96.925 96.882 96.876 96.913 97 97.139 97.321 97.533 97.764 98 98.231 98.451 98.656 98.84 99 99.137 99.274 99.444 99.676 100 100.44 100.98 101.6 102.28 103 103.74 104.51 105.3 106.13 107 107.89 108.68 109.23 109.38 109 107.99 106.49 104.69 102.8 101 99.47 98.27 97.434 96.999 97 97.443 98.211 99.157 100.14 101 101.63 102.02 102.2 102.18 102 101.67 101.26 100.8 100.37 100 99.752 99.629 99.631 99.755 100 100.37 100.85 101.45 102.17 103 103.95 105 106.17 107.45
110 109.97 109.47 108.58 107.39 106 104.49 102.94 101.45 100.11 99 98.191 97.647 97.306 97.111 97 96.925 96.882 96.876 96.913 97 97.139 97.321 97.533 97.764 98 98.231 98.451 98.656 98.84 99 99.137 99.274 99.444 99.676 100 100.44 100.98 101.6 102.28 103 103.74 104.51 105.3 106.13 107 107.89 108.68 109.23 109.38 109 107.99 106.49 104.69 102.8 101 99.47 98.27 97.434 96.999 97 97.443 98.211 99.157 100.14 101 101.63 102.02 102.2 102.18 102 101.67 101.26 100.8 100.37 100 99.752 99.629 99.631 99.755 100 100.37 100.85 101.45 102.17 103 103.95 105 106.17 107.45
110 109.97 109.47 108.58 107.39 106 104.49 102.94 101.45 100.11 99 98.191 97.647 97.306 97.111 97 96.925 96.882 96.876 96.913 97 97.139 97.321 97.533 97.764 98 98.231 98.451 98.656 98.84 99 99.137 99.274 99.444 99.676 100 100.44 100.98 101.6 102.28 103 103.74 104.51 105.3 106.13 107 107.89 108.68 109.23 109.38 109 107.99 106.49 104.69 102.8 101 99.47 98.27 97.434 96.999 97 97.443 98.211 99.157 100.14 101 101.63 102.02 102.2 102.18 102 101.67 101.26 100.8 100.37 100 99.752 99.629 99.631 99.755 100 100.37 100.85 101.45 102.17 103 103.95 105 106.17 107.45
110 109.97 109.47 108.58 107.39 106 104.49 102.94 101.45 100.11 99 98.191 97.647 97.306 97.111 97 96.925 96.882 96.876 96.913 97 97.139 97.321 97.533 97.764 98 98.231 98.451 98.656 98.84 99 99.137 99.274 99.444 99.676 100 100.44 100.98 101.6 102.28 103 103.74 104.51 105.3 106.13 107 107.89 108.68 109.23 109.38 109 107.99 106.49 104.69 102.8 101 99.47 98.27 97.434 96.999 97 97.443 98.211 99.157 100.14 101 101.63 102.02 102.2 102.18 102 101.67 101.26 100.8 100.37 100 99.752 99.629 99.631 99.755 100 100.37 100.85 101.45 102.17 103 103.95 105 106.17 107.45
110 109.97 109.47 108.58 107.39 106 104.49 102.94 101.45 100.11 99 98.191 97.647 97.306 97.111 97 96.925 96.882 96.876 96.913 97 97.139 97.321 97.533 97.764 98 98.231 98.451 98.656 98.84 99 99.137 99.274 99.444 99.676 100 100.44 100.98 101.6 102.28 103 103.74 104.51 105.3 106.13 107 107.89 108.68 109.23 109.38 109 107.99 106.49 104.69 102.8 101 99.47 98.27 97.434 96.999 97 97.443 98.211 99.157 100.14 101 101.63 102.02 102.2 102.18 102 101.67 101.26 100.8 100.37 100 99.752 99.629 99.631 99.755 100 100.37 100.85 101.45 102.17 103 103.95 105 106.17 107.45
110 109.97 109.47 108.58 107.39 106 104.49 102.94 101.45 100.11 99 98.191 97.647 97.306 97.111 97 96.925 96.882 96.876 96.913 97 97.139 97.321 97.533 97.764 98 98.231 98.451 98.656 98.84 99 99.137 99.274 99.444 99.676 100 100.44 100.98 101.6 102.28 103 103.74 104.51 105.3 106.13 107 107.89 108.68 109.23 109.38 109 107.99 106.49 104.69 102.8 101 99.47 98.27 97.434 96.999 97 97.443 98.211 99.157 100.14 101 101.63 102.02 102.2 102.18 102 101.67 101.26 100.8 100.37 100 99.752 99.629 99.631 99.755 100 100.37 100.85 101.45 102.17 103 103.95 105 106.17 107.45
110 109.97 109.47 108.58 107.39 106 104.49 102.94 101.45 100.11 99 98.191 97.647 97.306 97.111 97 96.925 96.882 96.876 96.913 97 97.139 97.321 97.533 97.764 98 98.231 98.451 98.656 98.84 99 99.137 99.274 99.444 99.676 100 100.44 100.98 101.6 102.28 103 103.74 104.51 105.3 106.13 107 107.89 108.68 109.23 109.38 109 107.99 106.49 104.69 102.8 101 99.47 98.27 97.434 96.999 97 97.443 98.211 99.157 100.14 101 101.63 102.02 102.2 102.18 102 101.67 101.26 100.8 100.37 100 99.752 99.629 99.631 99.755 100 100.37 100.85 101.45 102.17 103 103.95 105 106.17 107.45
110 109.97 109.47 108.58 107.39 106 104.49 102.94 101.45 100.11 99 98.191 97.647 97.306 97.111 97 96.925 96.882 96.876 96.913 97 97.139 97.321 97.533 97.764 98 98.231 98.451 98.656 98.84 99 99.137 99.274 99.444 99.676 100 100.44 100.98 101.6 102.28 103 103.74 104.51 105.3 106.13 107 107.89 108.68 109.23 109.38 109 107.99 106.49 104.69 102.8 101 99.47 98.27 97.434 96.999 97 97.443 98.211 99.157 100.14 101 101.63 102.02 102.2 102.18 102 101.67 101.26 100.8 100.37 100 99.752 99.629 99.631 99.755 100 100.37 100.85 101.45 102.17 103 103.95 105 106.17 107.45
110 109.97 109.47 108.58 107.39 106 104.49 102.94 101.45 100.11 99 98.191 97.647 97.306 97.111 97 96.925 96.882 96.876 96.913 97 97.139 97.321 97.533 97.764 98 98.231 98.451 98.656 98.84 99 99.137 99.274 99.444 99.676 100 100.44 100.98 101.6 102.28 103 103.74 104.51 105.3 106.13 107 107.89 108.68 109.23 109.38 109 107.99 106.49 104.69 102.8 101 99.47 98.27 97.434 96.999 97 97.443 98.211 99.157 100.14 101 101.63 102.02 102.2 102.18 102 101.67 101.26 100.8 100.37 100 99.752 99.629 99.631 99.755 100 100.37 100.85 101.45 102.17 103 103.95 105 106.17 107.45
110 109.97 109.47 108.58 107.39 106 104.49 102.94 101.45 100.11 99 98.191 97.647 97.306 97.111 97 96.925 96.882 96.876 96.913 97 97.139 97.321 97.533 97.764 98 98.231 98.451 98.656 98.84 99 99.137 99.274 99.444 99.676 100 100.44 100.98 101.6 102.28 103 103.74 104.51 105.3 106.13 107 107.89 108.68 109.23 109.38 109 107.99 106.49 104.69 102.8 101 99.47 98.27 97.434 96.999 97 97.443 98.211 99.157 100.14 101 101.63 102.02 102.2 102.18 102 101.67 101.26 100.8 100.37 100 99.752 99.629 99.631 99.755 100 100.37 100.85 101.45 102.17 103 103.95 105 106.17 107.45
110 109.97 109.47 108.58 107.39 106 104.49 102.94 101.45 100.11 99 98.191 97.647 97.306 97.111 97 96.925 96.882 96.876 96.913 97 97.139 97.321 97.533 97.764 98 98.231 98.451 98.656 98.84 99 99.137 99.274 99.444 99.676 100 100.44 100.98 101.6 102.28 103 103.74 104.51 105.3 106.13 107 107.89 108.68 109.23 109.38 109 107.99 106.49 104.69 102.8 101 99.47 98.27 97.434 96.999 97 97.443 98.211 99.157 100.14 101 101.63 102.02 102.2 102.18 102 101.67 101.26 100.8 100.37 100 99.752 99.629 99.631 99.755 100 100.37 100.85 101.45 102.17 103 103.95 105 106.17 107.45
110 109.97 109.47 108.58 107.39 106 104.49 102.94 101.45 100.11 99 98.191 97.647 97.306 97.111 97 96.925 96.882 96.876 96.913 97 97.139 97.321 97.533 97.764 98 98.231 98.451 98.656 98.84 99 99.137 99.274 99.444 99.676 100 100.44 100.98 101.6 102.28 103 103.74 104.51 105.3 106.13 107 107.89 108.68 109.23 109.38 109 107.99 106.49 104.69 102.8 101 99.47 98.27 97.434 96.999 97 97.443 98.211 99.157 100.14 101 101.63 102.02 102.2 102.18 102 101.67 101.26 100.8 100.37 100 99.752 99.629 99.631 99.755 100 100.37 100.85 101.45 102.17 103 103.95 105 106.17 107.45
110 109.97 109.47 108.58 107.39 106 104.49 102.94 101.45 100.11 99 98.191 97.647 97.306 97.111 97 96.925 96.882 96.876 96.913 97 97.139 97.321 97.533 97.764 98 98.231 98.451 98.656 98.84 99 99.137 99.274 99.444 99.676 100 100.44 100.98 101.6 102.28 103 103.74 104.51 105.3 106.13 107 107.89 108.68 109.23 109.38 109 107.99 106.49 104.69 102.8 101 99.47 98.27 97.434 96.999 97 97.443 98.211 99.157 100.14 101 101.63 102.02 102.2 102.18 102 101.67 101.26 100.8 100.37 100 99.752 99.629 99.631 99.755 100 100.37 100.85 101.45 102.17 103 103.95 105 106.17 107.45
110 109.97 109.47 108.58 107.39 106 104.49 102.94 101.45 100.11 99 98.191 97.647 97.306 97.111 97 96.925 96.882 96.876 96.913 97 97.139 97.321 97.533 97.764 98 98.231 98.451 98.656 98.84 99 99.137 99.274 99.444 99.676 100 100.44 100.98 101.6 102.28 103 103.74 104.51 105.3 106.13 107 107.89 108.68 109.23 109.38 109 107.99 106.49 104.69 102.8 101 99.47 98.27 97.434 96.999 97 97.443 98.211 99.157 100.14 101 101.63 102.02 102.2 102.18 102 101.67 101.26 100.8 100.37 100 99.752 99.629 99.631 99.755 100 100.37 100.85 101.45 102.17 103 103.95 105 106.17 107.45
110 109.97 109.47 108.58 107.39 106 104.49 102.94 101.45 100.11 99 98.191 97.647 97.306 97.111 97 96.925 96.882 96.876 96.913 97 97.139 97.321 97.533 97.764 98 98.231 98.451 98.656 98.84 99 99.137 99.274 99.444 99.676 100 100.44 100.98 101.6 102.28 103 103.74 104.51 105.3 106.13 107 107.89 108.68 109.23 109.38 109 107.99 106.49 104.69 102.8 101 99.47 98.27 97.434 96.999 97 97.443 98.211 99.157 100.14 101 101.63 102.02 102.2 102.18 102 101.67 101.26 100.8 100.37 100 99.752 99.629 99.631 99.755 100 100.37 100.85 101.45 102.17 103 103.95 105 106.17 107.45
110 109.97 109.47 108.58 107.39 106 104.49 102.94 101.45 100.11 99 98.191 97.647 97.306 97.111 97 96.925 96.882 96.876 96.913 97 97.139 97.321 97.533 97.764 98 98.231 98.451 98.656 98.84 99 99.137 99.274 99.444 99.676 100 100.44 100.98 101.6 102.28 103 103.74 104.51 105.3 106.13 107 107.89 108.68 109.23 109.38 109 107.99 106.49 104.69 102.8 101 99.47 98.27 97.434 96.999 97 97.443 98.211 99.157 100.14 101 101.63 102.02 102.2 102.18 102 101.67 101.26 100.8 100.37 100 99.752 99.629 99.631 99.755 100 100.37 100.85 101.45 102.17 103 103.95 105 106.17 107.45
110 109.97 109.47 108.58 107.39 106 104.49 102.94 101.45 100.11 99 98.191 97.647 97.306 97.111 97 96.925 96.882 96.876 96.913 97 97.139 97.321 97.533 97.764 98 98.231 98.451 98.656 98.84 99 99.137 99.274 99.444 99.676 100 100.44 100.98 101.6 102.28 103 103.74 104.51 105.3 106.13 107 107.89 108.68 109.23 109.38 109 107.99 106.49 104.69 102.8 101 99.47 98.27 97.434 96.999 97 97.443 98.211 99.157 100.14 101 101.63 102.02 102.2 102.18 102 101.67 101.26 100.8 100.37 100 99.752 99.629 99.631 99.755 100 100.37 100.85 101.45 102.17 103 103.95 105 106.17 107.45
110 109.97 109.47 108.58 107.39 106 104.49 102.94 101.45 100.11 99 98.191 97.647 97.306 97.111 97 96.925 96.882 96.876 96.913 97 97.139 97.321 97.533 97.764 98 98.231 98.451 98.656 98.84 99 99.137 99.274 99.444 99.676 100 100.44 100.98 101.6 102.28 103 103.74 104.51 105.3 106.13 107 107.89 108.68 109.23 109.38 109 107.99 106.49 104.69 102.8 101 99.47 98.27 97.434 96.999 97 97.443 98.211 99.157 100.14 101 101.63 102.02 102.2 102.18 102 101.67 101.26 100.8 100.37 100 99.752 99.629 99.631 99.755 100 100.37 100.85 101.45 102.17 103 103.95 105 106.17 107.45
110 109.97 109.47 108.58 107.39 106 104.49 102.94 101.45 100.11 99 98.191 97.647 97.306 97.111 97 96.925 96.882 96.876 96.913 97 97.139 97.321 97.533 97.764 98 98.231 98.451 98.656 98.84 99 99.137 99.274 99.444 99.676 100 100.44 100.98 101.6 102.28 103 103.74 104.51 105.3 106.13 107 107.89 108.68 109.23 109.38 109 107.99 106.49 104.69 102.8 101 99.47 98.27 97.434 96.999 97 97.443 98.211 99.157 100.14 101 101.63 102.02 102.2 102.18 102 101.67 101.26 100.8 100.37 100 99.752 99.629 99.631 99.755 100 100.37 100.85 101.45 102.17 103 103.95 105 106.17 107.45
110 109.97 109.47 108.58 107.39 106 104.49 102.94 101.45 100.11 99 98.191 97.647 97.306 97.111 97 96.925 96.882 96.876 96.913 97 97.139 97.321 97.533 97.764 98 98.231 98.451 98.656 98.84 99 99.137 99.274 99.444 99.676 100 100.44 100.98 101.6 102.28 103 103.74 104.51 105.3 106.13 107 107.89 108.68 109.23 109.38 109 107.99 106.49 104.69 102.8 101 99.47 98.27 97.434 96.999 97 97.443 98.211 99.157 100.14 101 101.63 102.02 102.2 102.18 102 101.67 101.26 100.8 100.37 100 99.752 99.629 99.631 99.755 100 100.37 100.85 101.45 102.17 103 103.95 105 106.17 107.45
110 109.97 109.47 108.58 107.39 106 104.49 102.94 101.45 100.11 99 98.191 97.647 97.306 97.111 97 96.925 96.882 96.876 96.913 97 97.139 97.321 97.533 97.764 98 98.231 98.451 98.656 98.84 99 99.137 99.274 99.444 99.676 100 100.44 100.98 101.6 102.28 103 103.74 104.51 105.3 106.13 107 107.89 108.68 109.23 109.38 109 107.99 106.49 104.69 102.8 101 99.47 98.27 97.434 96.999 97 97.443 98.211 99.157 100.14 101 101.63 102.02 102.2 102.18 102 101.67 101.26 100.8 100.37 100 99.752 99.629 99.631 99.755 100 100.37 100.85 101.45 102.17 103 103.95 105 106.17 107.45
110 109.97 109.47 108.58 107.39 106 104.49 102.94 101.45 100.11 99 98.191 97.647 97.306 97.111 97 96.925 96.882 96.876 96.913 97 97.139 97.321 97.533 97.764 98 98.231 98.451 98.656 98.84 99 99.137 99.274 99.444 99.676 100 100.44 100.98 101.6 102.28 103 103.74 104.51 105.3 106.13 107 107.89 108.68 109.23 109.38 109 107.99 106.49 104.69 102.8 101 99.47 98.27 97.434 96.999 97 97.443 98.211 99.157 100.14 101 101.63 102.02 102.2 102.18 102 101.67 101.26 100.8 100.37 100 99.752 99.629 99.631 99.755 100 100.37 100.85 101.45 102.17 103 103.95 105 106.17 107.45
110 109.97 109.47 108.58 107.39 106 104.49 102.94 101.45 100.11 99 98.191 97.647 97.306 97.111 97 96.925 96.882 96.876 96.913 97 97.139 97.321 97.533 97.764 98 98.231 98.451 98.656 98.84 99 99.137 99.274 99.444 99.676 100 100.44 100.98 101.6 102.28 103 103.74 104.51 105.3 106.13 107 107.89 108.68 109.23 109.38 109 107.99 106.49 104.69 102.8 101 99.47 98.27 97.434 96.999 97 97.443 98.211 99.157 100.14 101 101.63 102.02 102.2 102.18 102 101.67 101.26 100.8 100.37 100 99.752 99.629 99.631 99.755 100 100.37 100.85 101.45 102.17 103 103.95 105 106.17 107.45
110 109.97 109.47 108.58 107.39 106 104.49 102.94 101.45 100.11 99 98.191 97.647 97.306 97.111 97 96.925 96.882 96.876 96.913 97 97.139 97.321 97.533 97.764 98 98.231 98.451 98.656 98.84 99 99.137 99.274 99.444 99.676 100 100.44 100.98 101.6 102.28 103 103.74 104.51 105.3 106.13 107 107.89 108.68 109.23 109.38 109 107.99 106.49 104.69 102.8 101 99.47 98.27 97.434 96.999 97 97.443 98.211 99.157 100.14 101 101.63 102.02 102.2 102.18 102 101.67 101.26 100.8 100.37 100 99.752 99.629 99.631 99.755 100 100.37 100.85 101.45 102.17 103 103.95 105 106.17 107.45
110 109.97 109.47 108.58 107.39 106 104.49 102.94 101.45 100.11 99 98.191 97.647 97.306 97.111 97 96.925 96.882 96.876 96.913 97 97.139 97.321 97.533 97.764 98 98.231 98.451 98.656 98.84 99 99.137 99.274 99.444 99.676 100 100.44 100.98 101.6 102.28 103 103.74 104.51 105.3 106.13 107 107.89 108.68 109.23 109.38 109 107.99 106.49 104.69 102.8 101 99.47 98.27 97.434 96.999 97 97.443 98.211 99.157 100.14 101 101.63 102.02 102.2 102.18 102 101.67 101.26 100.8 100.37 100 99.752 99.629 99.631 99.755 100 100.37 100.85 101.45 102.17 103 103.95 105 106.17 107.45
110 109.97 109.47 108.58 107.39 106 104.49 102.94 101.45 100.11 99 98.191 97.647 97.306 97.111 97 96.925 96.882 96.876 96.913 97 97.139 97.321 97.533 97.764 98 98.231 98.451 98.656 98.84 99 99.137 99.274 99.444 99.676 100 100.44 100.98 101.6 102.28 103 103.74 104.51 105.3 106.13 107 107.89 108.68 109.23 109.38 109 107.99 106.49 104.69 102.8 101 99.47 98.27 97.434 96.999 97 97.443 98.211 99.157 100.14 101 101.63 102.02 102.2 102.18 102 101.67 101.26 100.8 100.37 100 99.752 99.629 99.631 99.755 100 100.37 100.85 101.45 102.17 103 103.95 105 106.17 107.45
110 109.97 109.47 108.58 107.39 106 104.49 102.94 101.45 100.11 99 98.191 97.647 97.306 97.111 97 96.925 96.882 96.876 96.913 97 97.139 97.321 97.533 97.764 98 98.231 98.451 98.656 98.84 99 99.137 99.274 99.444 99.676 100 100.44 100.98 101.6 102.28 103 103.74 104.51 105.3 106.13 107 107.89 108.68 109.23 109.38 109 107.99 106.49 104.69 102.8 101 99.47 98.27 97.434 96.999 97 97.443 98.211 99.157 100.14 101 101.63 102.02 102.2 102.18 102 101.67 101.26 100.8 100.37 100 99.752 99.629 99.631 99.755 100 100.37 100.85 101.45 102.17 103 103.95 105 106.17 107.45
110 109.97 109.47 108.58 107.39 106 104.49 102.94 101.45 100.11 99 98.191 97.647 97.306 97.111 97 96.925 96.882 96.876 96.913 97 97.139 97.321 97.533 97.764 98 98.231 98.451 98.656 98.84 99 99.137 99.274 99.444 99.676 100 100.44 100.98 101.6 102.28 103 103.74 104.51 105.3 106.13 107 107.89 108.68 109.23 109.38 109 107.99 106.49 104.69 102.8 101 99.47 98.27 97.434 96.999 97 97.443 98.211 99.157 100.14 101 101.63 102.02 102.2 102.18 102 101.67 101.26 100.8 100.37 100 99.752 99.629 99.631 99.755 100 100.37 100.85 101.45 102.17 103 103.95 105 106.17 107.45
110 109.97 109.47 108.58 107.39 106 104.49 102.94 101.45 100.11 99 98.191 97.647 97.306 97.111 97 96.925 96.882 96.876 96.913 97 97.139 97.321 97.533 97.764 98 98.231 98.451 98.656 98.84 99 99.137 99.274 99.444 99.676 100 100.44 100.98 101.6 102.28 103 103.74 104.51 105.3 106.13 107 107.89 108.68 109.23 109.38 109 107.99 106.49 104.69 102.8 101 99.47 98.27 97.434 96.999 97 97.443 98.211 99.157 100.14 101 101.63 102.02 102.2 102.18 102 101.67 101.26 100.8 100.37 100 99.752 99.629 99.631 99.755 100 100.37 100.85 101.45 102.17 103 103.95 105 106.17 107.45
110 109.97 109.47 108.58 107.39 106 104.49 102.94 101.45 100.11 99 98.191 97.647 97.306 97.111 97 96.925 96.882 96.876 96.913 97 97.139 97.321 97.533 97.764 98 98.231 98.451 98.656 98.84 99 99.137 99.274 99.444 99.676 100 100.44 100.98 101.6 102.28 103 103.74 104.51 105.3 106.13 107 107.89 108.68 109.23 109.38 109 107.99 106.49 104.69 102.8 101 99.47 98.27 97.434 96.999 97 97.443 98.211 99.157 100.14 101 101.63 102.02 102.2 102.18 102 101.67 101.26 100.8 100.37 100 99.752 99.629 99.631 99.755 100 100.37 100.85 101.45 102.17 103 103.95 105 106.17 107.45
110 109.97 109.47 108.58 107.39 106 104.49 102.94 101.45 100.11 99 98.191 97.647 97.306 97.111 97 96.925 96.882 96.876 96.913 97 97.139 97.321 97.533 97.764 98 98.231 98.451 98.656 98.84 99 99.137 99.274 99.444 99.676 100 100.44 100.98 101.6 102.28 103 103.74 104.51 105.3 106.13 107 107.89 108.68 109.23 109.38 109 107.99 106.49 104.69 102.8 101 99.47 98.27 97.434 96.999 97 97.443 98.211 99.157 100.14 101 101.63 102.02 102.2 102.18 102 101.67 101.26 100.8 100.37 100 99.752 99.629 99.631 99.755 100 100.37 100.85 101.45 102.17 103 103.95 105 106.17 107.45
110 109.97 109.47 108.58 107.39 106 104.49 102.94 101.45 100.11 99 98.191 97.647 97.306 97.111 97 96.925 96.882 96.876 96.913 97 97.139 97.321 97.533 97.764 98 98.231 98.451 98.656 98.84 99 99.137 99.274 99.444 99.676 100 100.44 100.98 101.6 102.28 103 103.74 104.51 105.3 106.13 107 107.89 108.68 109.23 109.38 109 107.99 106.49 104.69 102.8 101 99.47 98.27 97.434 96.999 97 97.443 98.211 99.157 100.14 101 101.63 102.02 102.2 102.18 102 101.67 101.26 100.8 100.37 100 99.752 99.629 99.631 99.755 100 100.37 100.85 101.45 102.17 103 103.95 105 106.17 107.45
110 109.97 109.47 108.58 107.39 106 104.49 102.94 101.45 100.11 99 98.191 97.647 97.306 97.111 97 96.925 96.882 96.876 96.913 97 97.139 97.321 97.533 97.764 98 98.231 98.451 98.656 98.84 99 99.137 99.274 99.444 99.676 100 100.44 100.98 101.6 102.28 103 103.74 104.51 105.3 106.13 107 107.89 108.68 109.23 109.38 109 107.99 106.49 104.69 102.8 101 99.47 98.27 97.434 96.999 97 97.443 98.211 99.157 100.14 101 101.63 102.02 102.2 102.18 102 101.67 101.26 100.8 100.37 100 99.752 99.629 99.631 99.755 100 100.37 100.85 101.45 102.17 103 103.95 105 106.17 107.45
110 109.97 109.47 108.58 107.39 106 104.49 102.94 101.45 100.11 99 98.191 97.647 97.306 97.111 97 96.925 96.882 96.876 96.913 97 97.139 97.321 97.533 97.764 98 98.231 98.451 98.656 98.84 99 99.137 99.274 99.444 99.676 100 100.44 100.98 101.6 102.28 103 103.74 104.51 105.3 106.13 107 107.89 108.68 109.23 109.38 109 107.99 106.49 104.69 102.8 101 99.47 98.27 97.434 96.999 97 97.443 98.211 99.157 100.14 101 101.63 102.02 102.2 102.18 102 101.67 101.26 100.8 100.37 100 99.752 99.629 99.631 99.755 100 100.37 100.85 101.45 102.17 103 103.95 105 106.17 107.45
110 109.97 109.47 108.58 107.39 106 104.49 102.94 101.45 100.11 99 98.191 97.647 97.306 97.111 97 96.925 96.882 96.876 96.913 97 97.139 97.321 97.533 97.764 98 98.231 98.451 98.656 98.84 99 99.137 99.274 99.444 99.676 100 100.44 100.98 101.6 102.28 103 103.74 104.51 105.3 106.13 107 107.89 108.68 109.23 109.38 109 107.99 106.49 104.69 102.8 101 99.47 98.27 97.434 96.999 97 97.443 98.211 99.157 100.14 101 101.63 102.02 102.2 102.18 102 101.67 101.26 100.8 100.37 100 99.752 99.629 99.631 99.755 100 100.37 100.85 101.45 102.17 103 103.95 105 106.17 107.45
110 109.97 109.47 108.58 107.39 106 104.49 102.94 101.45 100.11 99 98.191 97.647 97.306 97.111 97 96.925 96.882 96.876 96.913 97 97.139 97.321 97.533 97.764 98 98.231 98.451 98.656 98.84 99 99.137 99.274 99.444 99.676 100 100.44 100.98 101.6 102.28 103 103.74 104.51 105.3 106.13 107 107.89 108.68 109.23 109.38 109 107.99 106.49 104.69 102.8 101 99.47 98.27 97.434 96.999 97 97.443 98.211 99.157 100.14 101 101.63 102.02 102.2 102.18 102 101.67 101.26 100.8 100.37 100 99.752 99.629 99.631 99.755 100 100.37 100.85 101.45 102.17 103 103.95 105 106.17 107.45
110 109.97 109.47 108.58 107.39 106 104.49 102.94 101.45 100.11 99 98.191 97.647 97.306 97.111 97 96.925 96.882 96.876 96.913 97 97.139 97.321 97.533 97.764 98 98.231 98.451 98.656 98.84 99 99.137 99.274 99.444 99.676 100 100.44 100.98 101.6 102.28 103 103.74 104.51 105.3 106.13 107 107.89 108.68 109.23 109.38 109 107.99 106.49 104.69 102.8 101 99.47 98.27 97.434 96.999 97 97.443 98.211 99.157 100.14 101 101.63 102.02 102.2 102.18 102 101.67 101.26 100.8 100.37 100 99.752 99.629 99.631 99.755 100 100.37 100.85 101.45 102.17 103 103.95 105 106.17 107.45
110 109.97 109.47 108.58 107.39 106 104.49 102.94 101.45 100.11 99 98.191 97.647 97.306 97.111 97 96.925 96.882 96.876 96.913 97 97.139 97.321 97.533 97.764 98 98.231 98.451 98.656 98.84 99 99.137 99.274 99.444 99.676 100 100.44 100.98 101.6 102.28 103 103.74 104.51 105.3 106.13 107 107.89 108.68 109.23 109.38 109 107.99 106.49 104.69 102.8 101 99.47 98.27 97.434 96.999 97 97.443 98.211 99.157 100.14 101 101.63 102.02 102.2 102.18 102 101.67 101.26 100.8 100.37 100 99.752 99.629 99.631 99.755 100 100.37 100.85 101.45 102.17 103 103.95 105 106.17 107.45
110 109.97 109.47 108.58 107.39 106 104.49 102.94 101.45 100.11 99 98.191 97.647 97.306 97.111 97 96.925 96.882 96.876 96.913 97 97.139 97.321 97.533 97.764 98 98.231 98.451 98.656 98.84 99 99.137 99.274 99.444 99.676 100 100.44 100.98 101.6 102.28 103 103.74 104.51 105.3 106.13 107 107.89 108.68 109.23 109.38 109 107.99 106.49 104.69 102.8 101 99.47 98.27 97.434 96.999 97 97.443 98.211 99.157 100.14 101 101.63 102.02 102.2 102.18 102 101.67 101.26 100.8 100.37 100 99.752 99.629 99.631 99.755 100 100.37 100.85 101.45 102.17 103 103.95 105 106.17 107.45
110 109.97 109.47 108.58 107.39 106 104.49 102.94 101.45 100.11 99 98.191 97.647 97.306 97.111 97 96.925 96.882 96.876 96.913 97 97.139 97.321 97.533 97.764 98 98.231 98.451 98.656 98.84 99 99.137 99.274 99.444 99.676 100 100.44 100.98 101.6 102.28 103 103.74 104.51 105.3 106.13 107 107.89 108.68 109.23 109.38 109 107.99 106.49 104.69 102.8 101 99.47 98.27 97.434 96.999 97 97.443 98.211 99.157 100.14 101 101.63 102.02 102.2 102.18 102 101.67 101.26 100.8 100.37 100 99.752 99.629 99.631 99.755 100 100.37 100.85 101.45 102.17 103 103.95 105 106.17 107.45
110 109.97 109.47 108.58 107.39 106 104.49 102.94 101.45 100.11 99 98.191 97.647 97.306 97.111 97 96.925 96.882 96.876 96.913 97 97.139 97.321 97.533 97.764 98 98.231 98.451 98.656 98.84 99 99.137 99.274 99.444 99.676 100 100.44 100.98 101.6 102.28 103 103.74 104.51 105.3 106.13 107 107.89 108.68 109.23 109.38 109 107.99 106.49 104.69 102.8 101 99.47 98.27 97.434 96.999 97 97.443 98.211 99.157 100.14 101 101.63 102.02 102.2 102.18 102 101.67 101.26 100.8 100.37 100 99.752 99.629 99.631 99.755 100 100.37 100.85 101.45 102.17 103 103.95 105 106.17 107.45
110 109.97 109.47 108.58 107.39 106 104.49 102.94 101.45 100.11 99 98.191 97.647 97.306 97.111 97 96.925 96.882 96.876 96.913 97 97.139 97.321 97.533 97.764 98 98.231 98.451 98.656 98.84 99 99.137 99.274 99.444 99.676 100 100.44 100.98 101.6 102.28 103 103.74 104.51 105.3 106.13 107 107.89 108.68 109.23 109.38 109 107.99 106.49 104.69 102.8 101 99.47 98.27 97.434 96.999 97 97.443 98.211 99.157 100.14 101 101.63 102.02 102.2 102.18 102 101.67 101.26 100.8 100.37 100 99.752 99.629 99.631 99.755 100 100.37 100.85 101.45 102.17 103 103.95 105 106.17 107.45
110 109.97 109.47 108.58 107.39 106 104.49 102.94 101.45 100.11 99 98.191 97.647 97.306 97.111 97 96.925 96.882 96.876 96.913 97 97.139 97.321 97.533 97.764 98 98.231 98.451 98.656 98.84 99 99.137 99.274 99.444 99.676 100 100.44 100.98 101.6 102.28 103 103.74 104.51 105.3 106.13 107 107.89 108.68 109.23 109.38 109 107.99 106.49 104.69 102.8 101 99.47 98.27 97.434 96.999 97 97.443 98.211 99.157 100.14 101 101.63 102.02 102.2 102.18 102 101.67 101.26 100.8 100.37 100 99.752 99.629 99.631 99.755 100 100.37 100.85 101.45 102.17 103 103.95 105 106.17 107.45
110 109.97 109.47 108.58 107.39 106 104.49 102.94 101.45 100.11 99 98.191 97.647 97.306 97.111 97 96.925 96.882 96.876 96.913 97 97.139 97.321 97.533 97.764 98 98.231 98.451 98.656 98.84 99 99.137 99.274 99.444 99.676 100 100.44 100.98 101.6 102.28 103 103.74 104.51 105.3 106.13 107 107.89 108.68 109.23 109.38 109 107.99 106.49 104.69 102.8 101 99.47 98.27 97.434 96.999 97 97.443 98.211 99.157 100.14 101 101.63 102.02 102.2 102.18 102 101.67 101.26 100.8 100.37 100 99.752 99.629 99.631 99.755 100 100.37 100.85 101.45 102.17 103 103.95 105 106.17 107.45
110 109.97 109.47 108.58 107.39 106 104.49 102.94 101.45 100.11 99 98.191 97.647 97.306 97.111 97 96.925 96.882 96.876 96.913 97 97.139 97.321 97.533 97.764 98 98.231 98.451 98.656 98.84 99 99.137 99.274 99.444 99.676 100 100.44 100.98 101.6 102.28 103 103.74 104.51 105.3 106.13 107 107.89 108.68 109.23 109.38 109 107.99 106.49 104.69 102.8 101 99.47 98.27 97.434 96.999 97 97.443 98.211 99.157 100.14 101 101.63 102.02 102.2 102.18 102 101.67 101.26 100.8 100.37 100 99.752 99.629 99.631 99.755 100 100.37 100.85 101.45 102.17 103 103.95 105 106.17 107.45
110 109.97 109.47 108.58 107.39 106 104.49 102.94 101.45 100.11 99 98.191 97.647 97.306 97.111 97 96.925 96.882 96.876 96.913 97 97.139 97.321 97.533 97.764 98 98.231 98.451 98.656 98.84 99 99.137 99.274 99.444 99.676 100 100.44 100.98 101.6 102.28 103 103.74 104.51 105.3 106.13 107 107.89 108.68 109.23 109.38 109 107.99 106.49 104.69 102.8 101 99.47 98.27 97.434 96.999 97 97.443 98.211 99.157 100.14 101 101.63 102.02 102.2 102.18 102 101.67 101.26 100.8 100.37 100 99.752 99.629 99.631 99.755 100 100.37 100.85 101.45 102.17 103 103.95 105 106.17 107.45
110 109.97 109.47 108.58 107.39 106 104.49 102.94 101.45 100.11 99 98.191 97.647 97.306 97.111 97 96.925 96.882 96.876 96.913 97 97.139 97.321 97.533 97.764 98 98.231 98.451 98.656 98.84 99 99.137 99.274 99.444 99.676 100 100.44 100.98 101.6 102.28 103 103.74 104.51 105.3 106.13 107 107.89 108.68 109.23 109.38 109 107.99 106.49 104.69 102.8 101 99.47 98.27 97.434 96.999 97 97.443 98.211 99.157 100.14 101 101.63 102.02 102.2 102.18 102 101.67 101.26 100.8 100.37 100 99.752 99.629 99.631 99.755 100 100.37 100.85 101.45 102.17 103 103.95 105 106.17 107.45
110 109.97 109.47 108.58 107.39 106 104.49 102.94 101.45 100.11 99 98.191 97.647 97.306 97.111 97 96.925 96.882 96.876 96.913 97 97.139 97.321 97.533 97.764 98 98.231 98.451 98.656 98.84 99 99.137 99.274 99.444 99.676 100 100.44 100.98 101.6 102.28 103 103.74 104.51 105.3 106.13 107 107.89 108.68 109.23 109.38 109 107.99 106.49 104.69 102.8 101 99.47 98.27 97.434 96.999 97 97.443 98.211 99.157 100.14 101 101.63 102.02 102.2 102.18 102 101.67 101.26 100.8 100.37 100 99.752 99.629 99.631 99.755 100 100.37 100.85 101.45 102.17 103 103.95 105 106.17 107.45
110 109.97 109.47 108.58 107.39 106 104.49 102.94 101.45 100.11 99 98.191 97.647 97.306 97.111 97 96.925 96.882 96.876 96.913 97 97.139 97.321 97.533 97.764 98 98.231 98.451 98.656 98.84 99 99.137 99.274 99.444 99.676 100 100.44 100.98 101.6 102.28 103 103.74 104.51 105.3 106.13 107 107.89 108.68 109.23 109.38 109 107.99 106.49 104.69 102.8 101 99.47 98.27 97.434 96.999 97 97.443 98.211 99.157 100.14 101 101.63 102.02 102.2 102.18 102 101.67 101.26 100.8 100.37 100 99.752 99.629 99.631 99.755 100 100.37 100.85 101.45 102.17 103 103.95 105 106.17 107.45
110 109.97 109.47 108.58 107.39 106 104.49 102.94 101.45 100.11 99 98.191 97.647 97.306 97.111 97 96.925 96.882 96.876 96.913 97 97.139 97.321 97.533 97.764 98 98.231 98.451 98.656 98.84 99 99.137 99.274 99.444 99.676 100 100.44 100.98 101.6 102.28 103 103.74 104.51 105.3 106.13 107 107.89 108.68 109.23 109.38 109 107.99 106.49 104.69 102.8 101 99.47 98.27 97.434 96.999 97 97.443 98.211 99.157 100.14 101 101.63 102.02 102.2 102.18 102 101.67 101.26 100.8 100.37 100 99.752 99.629 99.631 99.755 100 100.37 100.85 101.45 102.17 103 103.95 105 106.17 107.45
110 109.97 109.47 108.58 107.39 106 104.49 102.94 101.45 100.11 99 98.191 97.647 97.306 97.111 97 96.925 96.882 96.876 96.913 97 97.139 97.321 97.533 97.764 98 98.231 98.451 98.656 98.84 99 99.137 99.274 99.444 99.676 100 100.44 100.98 101.6 102.28 103 103.74 104.51 105.3 106.13 107 107.89 108.68 109.23 109.38 109 107.99 106.49 104.69 102.8 101 99.47 98.27 97.434 96.999 97 97.443 98.211 99.157 100.14 101 101.63 102.02 102.2 102.18 102 101.67 101.26 100.8 100.37 100 99.752 99.629 99.631 99.755 100 100.37 100.85 101.45 102.17 103 103.95 105 106.17 107.45
110 109.97 109.47 108.58 107.39 106 104.49 102.94 101.45 100.11 99 98.191 97.647 97.306 97.111 97 96.925 96.882 96.876 96.913 97 97.139 97.321 97.533 97.764 98 98.231 98.451 98.656 98.84 99 99.137 99.274 99.444 99.676 100 100.44 100.98 101.6 102.28 103 103.74 104.51 105.3 106.13 107 107.89 108.68 109.23 109.38 109 107.99 106.49 104.69 102.8 101 99.47 98.27 97.434 96.999 97 97.443 98.211 99.157 100.14 101 101.63 102.02 102.2 102.18 102 101.67 101.26 100.8 100.37 100 99.752 99.629 99.631 99.755 100 100.37 100.85 101.45 102.17 103 103.95 105 106.17 107.45
110 109.97 109.47 108.58 107.39 106 104.49 102.94 101.45 100.11 99 98.191 97.647 97.306 97.111 97 96.925 96.882 96.876 96.913 97 97.139 97.321 97.533 97.764 98 98.231 98.451 98.656 98.84 99 99.137 99.274 99.444 99.676 100 100.44 100.98 101.6 102.28 103 103.74 104.51 105.3 106.13 107 107.89 108.68 109.23 109.38 109 107.99 106.49 104.69 102.8 101 99.47 98.27 97.434 96.999 97 97.443 98.211 99.157 100.14 101 101.63 102.02 102.2 102.18 102 101.67 101.26 100.8 100.37 100 99.752 99.629 99.631 99.755 100 100.37 100.85 101.45 102.17 103 103.95 105 106.17 107.45
110 109.97 109.47 108.58 107.39 106 104.49 102.94 101.45 100.11 99 98.191 97.647 97.306 97.111 97 96.925 96.882 96.876 96.913 97 97.139 97.321 97.533 97.764 98 98.231 98.451 98.656 98.84 99 99.137 99.274 99.444 99.676 100 100.44 100.98 101.6 102.28 103 103.74 104.51 105.3 106.13 107 107.89 108.68 109.23 109.38 109 107.99 106.49 104.69 102.8 101 99.47 98.27 97.434 96.999 97 97.443 98.211 99.157 100.14 101 101.63 102.02 102.2 102.18 102 101.67 101.26 100.8 100.37 100 99.752 99.629 99.631 99.755 100 100.37 100.85 101.45 102.17 103 103.95 105 106.17 107.45
110 109.97 109.47 108.58 107.39 106 104.49 102.94 101.45 100.11 99 98.191 97.647 97.306 97.111 97 96.925 96.882 96.876 96.913 97 97.139 97.321 97.533 97.764 98 98.231 98.451 98.656 98.84 99 99.137 99.274 99.444 99.676 100 100.44 100.98 101.6 102.28 103 103.74 104.51 105.3 106.13 107 107.89 108.68 109.23 109.38 109 107.99 106.49 104.69 102.8 101 99.47 98.27 97.434 96.999 97 97.443 98.211 99.157 100.14 101 101.63 102.02 102.2 102.18 102 101.67 101.26 100.8 100.37 100 99.752 99.629 99.631 99.755 100 100.37 100.85 101.45 102.17 103 103.95 105 106.17 107.45
110 109.97 109.47 108.58 107.39 106 104.49 102.94 101.45 100.11 99 98.191 97.647 97.306 97.111 97 96.925 96.882 96.876 96.913 97 97.139 97.321 97.533 97.764 98 98.231 98.451 98.656 98.84 99 99.137 99.274 99.444 99.676 100 100.44 100.98 101.6 102.28 103 103.74 104.51 105.3 106.13 107 107.89 108.68 109.23 109.38 109 107.99 106.49 104.69 102.8 101 99.47 98.27 97.434 96.999 97 97.443 98.211 99.157 100.14 101 101.63 102.02 102.2 102.18 102 101.67 101.26 100.8 100.37 100 99.752 99.629 99.631 99.755 100 100.37 100.85 101.45 102.17 103 103.95 105 106.17 107.45
110 109.97 109.47 108.58 107.39 106 104.49 102.94 101.45 100.11 99 98.191 97.647 97.306 97.111 97 96.925 96.882 96.876 96.913 97 97.139 97.321 97.533 97.764 98 98.231 98.451 98.656 98.84 99 99.137 99.274 99.444 99.676 100 100.44 100.98 101.6 102.28 103 103.74 104.51 105.3 106.13 107 107.89 108.68 109.23 109.38 109 107.99 106.49 104.69 102.8 101 99.47 98.27 97.434 96.999 97 97.443 98.211 99.157 100.14 101 101.63 102.02 102.2 102.18 102 101.67 101.26 100.8 100.37 100 99.752 99.629 99.631 99.755 100 100.37 100.85 101.45 102.17 103 103.95 105 106.17 107.45
