54 52.358 51.317 50.797 50.719 51 51.561 52.323 53.203 54.122 55 55.78 56.505 57.239 58.049 59 60.141 61.45 62.889 64.418 66 67.6 69.207 70.813 72.413 74 75.571 77.139 78.721 80.336 82 83.718 85.439 87.102 88.643 90 91.119 91.985 92.591 92.932 93 92.805 92.42 91.932 91.43 91 90.707 90.518 90.376 90.222 90 89.67 89.259 88.814 88.379 88 87.71 87.494 87.322 87.167 87 86.793 86.518 86.146 85.65 85 84.169 83.128 81.849 80.304
54 52.358 51.317 50.797 50.719 51 51.561 52.323 53.203 54.122 55 55.78 56.505 57.239 58.049 59 60.141 61.45 62.889 64.418 66 67.6 69.207 70.813 72.413 74 75.571 77.139 78.721 80.336 82 83.718 85.439 87.102 88.643 90 91.119 91.985 92.591 92.932 93 92.805 92.42 91.932 91.43 91 90.707 90.518 90.376 90.222 90 89.67 89.259 88.814 88.379 88 87.71 87.494 87.322 87.167 87 86.793 86.518 86.146 85.65 85 84.169 83.128 81.849 80.304
54 52.358 51.317 50.797 50.719 51 51.561 52.323 53.203 54.122 55 55.78 56.505 57.239 58.049 59 60.141 61.45 62.889 64.418 66 67.6 69.207 70.813 72.413 74 75.571 77.139 78.721 80.336 82 83.718 85.439 87.102 88.643 90 91.119 91.985 92.591 92.932 93 92.805 92.42 91.932 91.43 91 90.707 90.518 90.376 90.222 90 89.67 89.259 88.814 88.379 88 87.71 87.494 87.322 87.167 87 86.793 86.518 86.146 85.65 85 84.169 83.128 81.849 80.304
54 52.358 51.317 50.797 50.719 51 51.561 52.323 53.203 54.122 55 55.78 56.505 57.239 58.049 59 60.141 61.45 62.889 64.418 66 67.6 69.207 70.813 72.413 74 75.571 77.139 78.721 80.336 82 83.718 85.439 87.102 88.643 90 91.119 91.985 92.591 92.932 93 92.805 92.42 91.932 91.43 91 90.707 90.518 90.376 90.222 90 89.67 89.259 88.814 88.379 88 87.71 87.494 87.322 87.167 87 86.793 86.518 86.146 85.65 85 84.169 83.128 81.849 80.304
54 52.358 51.317 50.797 50.719 51 51.561 52.323 53.203 54.122 55 55.78 56.505 57.239 58.049 59 60.141 61.45 62.889 64.418 66 67.6 69.207 70.813 72.413 74 75.571 77.139 78.721 80.336 82 83.718 85.439 87.102 88.643 90 91.119 91.985 92.591 92.932 93 92.805 92.42 91.932 91.43 91 90.707 90.518 90.376 90.222 90 89.67 89.259 88.814 88.379 88 87.71 87.494 87.322 87.167 87 86.793 86.518 86.146 85.65 85 84.169 83.128 81.849 80.304
54 52.358 51.317 50.797 50.719 51 51.561 52.323 53.203 54.122 55 55.78 56.505 57.239 58.049 59 60.141 61.45 62.889 64.418 66 67.6 69.207 70.813 72.413 74 75.571 77.139 78.721 80.336 82 83.718 85.439 87.102 88.643 90 91.119 91.985 92.591 92.932 93 92.805 92.42 91.932 91.43 91 90.707 90.518 90.376 90.222 90 89.67 89.259 88.814 88.379 88 87.71 87.494 87.322 87.167 87 86.793 86.518 86.146 85.65 85 84.169 83.128 81.849 80.304
54 52.358 51.317 50.797 50.719 51 51.561 52.323 53.203 54.122 55 55.78 56.505 57.239 58.049 59 60.141 61.45 62.889 64.418 66 67.6 69.207 70.813 72.413 74 75.571 77.139 78.721 80.336 82 83.718 85.439 87.102 88.643 90 91.119 91.985 92.591 92.932 93 92.805 92.42 91.932 91.43 91 90.707 90.518 90.376 90.222 90 89.67 89.259 88.814 88.379 88 87.71 87.494 87.322 87.167 87 86.793 86.518 86.146 85.65 85 84.169 83.128 81.849 80.304
54 52.358 51.317 50.797 50.719 51 51.561 52.323 53.203 54.122 55 55.78 56.505 57.239 58.049 59 60.141 61.45 62.889 64.418 66 67.6 69.207 70.813 72.413 74 75.571 77.139 78.721 80.336 82 83.718 85.439 87.102 88.643 90 91.119 91.985 92.591 92.932 93 92.805 92.42 91.932 91.43 91 90.707 90.518 90.376 90.222 90 89.67 89.259 88.814 88.379 88 87.71 87.494 87.322 87.167 87 86.793 86.518 86.146 85.65 85 84.169 83.128 81.849 80.304
54 52.358 51.317 50.797 50.719 51 51.561 52.323 53.203 54.122 55 55.78 56.505 57.239 58.049 59 60.141 61.45 62.889 64.418 66 67.6 69.207 70.813 72.413 74 75.571 77.139 78.721 80.336 82 83.718 85.439 87.102 88.643 90 91.119 91.985 92.591 92.932 93 92.805 92.42 91.932 91.43 91 90.707 90.518 90.376 90.222 90 89.67 89.259 88.814 88.379 88 87.71 87.494 87.322 87.167 87 86.793 86.518 86.146 85.65 85 84.169 83.128 81.849 80.304
54 52.358 51.317 50.797 50.719 51 51.561 52.323 53.203 54.122 55 55.78 56.505 57.239 58.049 59 60.141 61.45 62.889 64.418 66 67.6 69.207 70.813 72.413 74 75.571 77.139 78.721 80.336 82 83.718 85.439 87.102 88.643 90 91.119 91.985 92.591 92.932 93 92.805 92.42 91.932 91.43 91 90.707 90.518 90.376 90.222 90 89.67 89.259 88.814 88.379 88 87.71 87.494 87.322 87.167 87 86.793 86.518 86.146 85.65 85 84.169 83.128 81.849 80.304
54 52.358 51.317 50.797 50.719 51 51.561 52.323 53.203 54.122 55 55.78 56.505 57.239 58.049 59 60.141 61.45 62.889 64.418 66 67.6 69.207 70.813 72.413 74 75.571 77.139 78.721 80.336 82 83.718 85.439 87.102 88.643 90 91.119 91.985 92.591 92.932 93 92.805 92.42 91.932 91.43 91 90.707 90.518 90.376 90.222 90 89.67 89.259 88.814 88.379 88 87.71 87.494 87.322 87.167 87 86.793 86.518 86.146 85.65 85 84.169 83.128 81.849 80.304
54 52.358 51.317 50.797 50.719 51 51.561 52.323 53.203 54.122 55 55.78 56.505 57.239 58.049 59 60.141 61.45 62.889 64.418 66 67.6 69.207 70.813 72.413 74 75.571 77.139 78.721 80.336 82 83.718 85.439 87.102 88.643 90 91.119 91.985 92.591 92.932 93 92.805 92.42 91.932 91.43 91 90.707 90.518 90.376 90.222 90 89.67 89.259 88.814 88.379 88 87.71 87.494 87.322 87.167 87 86.793 86.518 86.146 85.65 85 84.169 83.128 81.849 80.304
54 52.358 51.317 50.797 50.719 51 51.561 52.323 53.203 54.122 55 55.78 56.505 57.239 58.049 59 60.141 61.45 62.889 64.418 66 67.6 69.207 70.813 72.413 74 75.571 77.139 78.721 80.336 82 83.718 85.439 87.102 88.643 90 91.119 91.985 92.591 92.932 93 92.805 92.42 91.932 91.43 91 90.707 90.518 90.376 90.222 90 89.67 89.259 88.814 88.379 88 87.71 87.494 87.322 87.167 87 86.793 86.518 86.146 85.65 85 84.169 83.128 81.849 80.304
54 52.358 51.317 50.797 50.719 51 51.561 52.323 53.203 54.122 55 55.78 56.505 57.239 58.049 59 60.141 61.45 62.889 64.418 66 67.6 69.207 70.813 72.413 74 75.571 77.139 78.721 80.336 82 83.718 85.439 87.102 88.643 90 91.119 91.985 92.591 92.932 93 92.805 92.42 91.932 91.43 91 90.707 90.518 90.376 90.222 90 89.67 89.259 88.814 88.379 88 87.71 87.494 87.322 87.167 87 86.793 86.518 86.146 85.65 85 84.169 83.128 81.849 80.304
54 52.358 51.317 50.797 50.719 51 51.561 52.323 53.203 54.122 55 55.78 56.505 57.239 58.049 59 60.141 61.45 62.889 64.418 66 67.6 69.207 70.813 72.413 74 75.571 77.139 78.721 80.336 82 83.718 85.439 87.102 88.643 90 91.119 91.985 92.591 92.932 93 92.805 92.42 91.932 91.43 91 90.707 90.518 90.376 90.222 90 89.67 89.259 88.814 88.379 88 87.71 87.494 87.322 87.167 87 86.793 86.518 86.146 85.65 85 84.169 83.128 81.849 80.304
54 52.358 51.317 50.797 50.719 51 51.561 52.323 53.203 54.122 55 55.78 56.505 57.239 58.049 59 60.141 61.45 62.889 64.418 66 67.6 69.207 70.813 72.413 74 75.571 77.139 78.721 80.336 82 83.718 85.439 87.102 88.643 90 91.119 91.985 92.591 92.932 93 92.805 92.42 91.932 91.43 91 90.707 90.518 90.376 90.222 90 89.67 89.259 88.814 88.379 88 87.71 87.494 87.322 87.167 87 86.793 86.518 86.146 85.65 85 84.169 83.128 81.849 80.304
54 52.358 51.317 50.797 50.719 51 51.561 52.323 53.203 54.122 55 55.78 56.505 57.239 58.049 59 60.141 61.45 62.889 64.418 66 67.6 69.207 70.813 72.413 74 75.571 77.139 78.721 80.336 82 83.718 85.439 87.102 88.643 90 91.119 91.985 92.591 92.932 93 92.805 92.42 91.932 91.43 91 90.707 90.518 90.376 90.222 90 89.67 89.259 88.814 88.379 88 87.71 87.494 87.322 87.167 87 86.793 86.518 86.146 85.65 85 84.169 83.128 81.849 80.304
54 52.358 51.317 50.797 50.719 51 51.561 52.323 53.203 54.122 55 55.78 56.505 57.239 58.049 59 60.141 61.45 62.889 64.418 66 67.6 69.207 70.813 72.413 74 75.571 77.139 78.721 80.336 82 83.718 85.439 87.102 88.643 90 91.119 91.985 92.591 92.932 93 92.805 92.42 91.932 91.43 91 90.707 90.518 90.376 90.222 90 89.67 89.259 88.814 88.379 88 87.71 87.494 87.322 87.167 87 86.793 86.518 86.146 85.65 85 84.169 83.128 81.849 80.304
54 52.358 51.317 50.797 50.719 51 51.561 52.323 53.203 54.122 55 55.78 56.505 57.239 58.049 59 60.141 61.45 62.889 64.418 66 67.6 69.207 70.813 72.413 74 75.571 77.139 78.721 80.336 82 83.718 85.439 87.102 88.643 90 91.119 91.985 92.591 92.932 93 92.805 92.42 91.932 91.43 91 90.707 90.518 90.376 90.222 90 89.67 89.259 88.814 88.379 88 87.71 87.494 87.322 87.167 87 86.793 86.518 86.146 85.65 85 84.169 83.128 81.849 80.304
54 52.358 51.317 50.797 50.719 51 51.561 52.323 53.203 54.122 55 55.78 56.505 57.239 58.049 59 60.141 61.45 62.889 64.418 66 67.6 69.207 70.813 72.413 74 75.571 77.139 78.721 80.336 82 83.718 85.439 87.102 88.643 90 91.119 91.985 92.591 92.932 93 92.805 92.42 91.932 91.43 91 90.707 90.518 90.376 90.222 90 89.67 89.259 88.814 88.379 88 87.71 87.494 87.322 87.167 87 86.793 86.518 86.146 85.65 85 84.169 83.128 81.849 80.304
54 52.358 51.317 50.797 50.719 51 51.561 52.323 53.203 54.122 55 55.78 56.505 57.239 58.049 59 60.141 61.45 62.889 64.418 66 67.6 69.207 70.813 72.413 74 75.571 77.139 78.721 80.336 82 83.718 85.439 87.102 88.643 90 91.119 91.985 92.591 92.932 93 92.805 92.42 91.932 91.43 91 90.707 90.518 90.376 90.222 90 89.67 89.259 88.814 88.379 88 87.71 87.494 87.322 87.167 87 86.793 86.518 86.146 85.65 85 84.169 83.128 81.849 80.304
54 52.358 51.317 50.797 50.719 51 51.561 52.323 53.203 54.122 55 55.78 56.505 57.239 58.049 59 60.141 61.45 62.889 64.418 66 67.6 69.207 70.813 72.413 74 75.571 77.139 78.721 80.336 82 83.718 85.439 87.102 88.643 90 91.119 91.985 92.591 92.932 93 92.805 92.42 91.932 91.43 91 90.707 90.518 90.376 90.222 90 89.67 89.259 88.814 88.379 88 87.71 87.494 87.322 87.167 87 86.793 86.518 86.146 85.65 85 84.169 83.128 81.849 80.304
54 52.358 51.317 50.797 50.719 51 51.561 52.323 53.203 54.122 55 55.78 56.505 57.239 58.049 59 60.141 61.45 62.889 64.418 66 67.6 69.207 70.813 72.413 74 75.571 77.139 78.721 80.336 82 83.718 85.439 87.102 88.643 90 91.119 91.985 92.591 92.932 93 92.805 92.42 91.932 91.43 91 90.707 90.518 90.376 90.222 90 89.67 89.259 88.814 88.379 88 87.71 87.494 87.322 87.167 87 86.793 86.518 86.146 85.65 85 84.169 83.128 81.849 80.304
54 52.358 51.317 50.797 50.719 51 51.561 52.323 53.203 54.122 55 55.78 56.505 57.239 58.049 59 60.141 61.45 62.889 64.418 66 67.6 69.207 70.813 72.413 74 75.571 77.139 78.721 80.336 82 83.718 85.439 87.102 88.643 90 91.119 91.985 92.591 92.932 93 92.805 92.42 91.932 91.43 91 90.707 90.518 90.376 90.222 90 89.67 89.259 88.814 88.379 88 87.71 87.494 87.322 87.167 87 86.793 86.518 86.146 85.65 85 84.169 83.128 81.849 80.304
54 52.358 51.317 50.797 50.719 51 51.561 52.323 53.203 54.122 55 55.78 56.505 57.239 58.049 59 60.141 61.45 62.889 64.418 66 67.6 69.207 70.813 72.413 74 75.571 77.139 78.721 80.336 82 83.718 85.439 87.102 88.643 90 91.119 91.985 92.591 92.932 93 92.805 92.42 91.932 91.43 91 90.707 90.518 90.376 90.222 90 89.67 89.259 88.814 88.379 88 87.71 87.494 87.322 87.167 87 86.793 86.518 86.146 85.65 85 84.169 83.128 81.849 80.304
54 52.358 51.317 50.797 50.719 51 51.561 52.323 53.203 54.122 55 55.78 56.505 57.239 58.049 59 60.141 61.45 62.889 64.418 66 67.6 69.207 70.813 72.413 74 75.571 77.139 78.721 80.336 82 83.718 85.439 87.102 88.643 90 91.119 91.985 92.591 92.932 93 92.805 92.42 91.932 91.43 91 90.707 90.518 90.376 90.222 90 89.67 89.259 88.814 88.379 88 87.71 87.494 87.322 87.167 87 86.793 86.518 86.146 85.65 85 84.169 83.128 81.849 80.304
54 52.358 51.317 50.797 50.719 51 51.561 52.323 53.203 54.122 55 55.78 56.505 57.239 58.049 59 60.141 61.45 62.889 64.418 66 67.6 69.207 70.813 72.413 74 75.571 77.139 78.721 80.336 82 83.718 85.439 87.102 88.643 90 91.119 91.985 92.591 92.932 93 92.805 92.42 91.932 91.43 91 90.707 90.518 90.376 90.222 90 89.67 89.259 88.814 88.379 88 87.71 87.494 87.322 87.167 87 86.793 86.518 86.146 85.65 85 84.169 83.128 81.849 80.304
54 52.358 51.317 50.797 50.719 51 51.561 52.323 53.203 54.122 55 55.78 56.505 57.239 58.049 59 60.141 61.45 62.889 64.418 66 67.6 69.207 70.813 72.413 74 75.571 77.139 78.721 80.336 82 83.718 85.439 87.102 88.643 90 91.119 91.985 92.591 92.932 93 92.805 92.42 91.932 91.43 91 90.707 90.518 90.376 90.222 90 89.67 89.259 88.814 88.379 88 87.71 87.494 87.322 87.167 87 86.793 86.518 86.146 85.65 85 84.169 83.128 81.849 80.304
54 52.358 51.317 50.797 50.719 51 51.561 52.323 53.203 54.122 55 55.78 56.505 57.239 58.049 59 60.141 61.45 62.889 64.418 66 67.6 69.207 70.813 72.413 74 75.571 77.139 78.721 80.336 82 83.718 85.439 87.102 88.643 90 91.119 91.985 92.591 92.932 93 92.805 92.42 91.932 91.43 91 90.707 90.518 90.376 90.222 90 89.67 89.259 88.814 88.379 88 87.71 87.494 87.322 87.167 87 86.793 86.518 86.146 85.65 85 84.169 83.128 81.849 80.304
54 52.358 51.317 50.797 50.719 51 51.561 52.323 53.203 54.122 55 55.78 56.505 57.239 58.049 59 60.141 61.45 62.889 64.418 66 67.6 69.207 70.813 72.413 74 75.571 77.139 78.721 80.336 82 83.718 85.439 87.102 88.643 90 91.119 91.985 92.591 92.932 93 92.805 92.42 91.932 91.43 91 90.707 90.518 90.376 90.222 90 89.67 89.259 88.814 88.379 88 87.71 87.494 87.322 87.167 87 86.793 86.518 86.146 85.65 85 84.169 83.128 81.849 80.304
54 52.358 51.317 50.797 50.719 51 51.561 52.323 53.203 54.122 55 55.78 56.505 57.239 58.049 59 60.141 61.45 62.889 64.418 66 67.6 69.207 70.813 72.413 74 75.571 77.139 78.721 80.336 82 83.718 85.439 87.102 88.643 90 91.119 91.985 92.591 92.932 93 92.805 92.42 91.932 91.43 91 90.707 90.518 90.376 90.222 90 89.67 89.259 88.814 88.379 88 87.71 87.494 87.322 87.167 87 86.793 86.518 86.146 85.65 85 84.169 83.128 81.849 80.304
54 52.358 51.317 50.797 50.719 51 51.561 52.323 53.203 54.122 55 55.78 56.505 57.239 58.049 59 60.141 61.45 62.889 64.418 66 67.6 69.207 70.813 72.413 74 75.571 77.139 78.721 80.336 82 83.718 85.439 87.102 88.643 90 91.119 91.985 92.591 92.932 93 92.805 92.42 91.932 91.43 91 90.707 90.518 90.376 90.222 90 89.67 89.259 88.814 88.379 88 87.71 87.494 87.322 87.167 87 86.793 86.518 86.146 85.65 85 84.169 83.128 81.849 80.304
54 52.358 51.317 50.797 50.719 51 51.561 52.323 53.203 54.122 55 55.78 56.505 57.239 58.049 59 60.141 61.45 62.889 64.418 66 67.6 69.207 70.813 72.413 74 75.571 77.139 78.721 80.336 82 83.718 85.439 87.102 88.643 90 91.119 91.985 92.591 92.932 93 92.805 92.42 91.932 91.43 91 90.707 90.518 90.376 90.222 90 89.67 89.259 88.814 88.379 88 87.71 87.494 87.322 87.167 87 86.793 86.518 86.146 85.65 85 84.169 83.128 81.849 80.304
54 52.358 51.317 50.797 50.719 51 51.561 52.323 53.203 54.122 55 55.78 56.505 57.239 58.049 59 60.141 61.45 62.889 64.418 66 67.6 69.207 70.813 72.413 74 75.571 77.139 78.721 80.336 82 83.718 85.439 87.102 88.643 90 91.119 91.985 92.591 92.932 93 92.805 92.42 91.932 91.43 91 90.707 90.518 90.376 90.222 90 89.67 89.259 88.814 88.379 88 87.71 87.494 87.322 87.167 87 86.793 86.518 86.146 85.65 85 84.169 83.128 81.849 80.304
54 52.358 51.317 50.797 50.719 51 51.561 52.323 53.203 54.122 55 55.78 56.505 57.239 58.049 59 60.141 61.45 62.889 64.418 66 67.6 69.207 70.813 72.413 74 75.571 77.139 78.721 80.336 82 83.718 85.439 87.102 88.643 90 91.119 91.985 92.591 92.932 93 92.805 92.42 91.932 91.43 91 90.707 90.518 90.376 90.222 90 89.67 89.259 88.814 88.379 88 87.71 87.494 87.322 87.167 87 86.793 86.518 86.146 85.65 85 84.169 83.128 81.849 80.304
54 52.358 51.317 50.797 50.719 51 51.561 52.323 53.203 54.122 55 55.78 56.505 57.239 58.049 59 60.141 61.45 62.889 64.418 66 67.6 69.207 70.813 72.413 74 75.571 77.139 78.721 80.336 82 83.718 85.439 87.102 88.643 90 91.119 91.985 92.591 92.932 93 92.805 92.42 91.932 91.43 91 90.707 90.518 90.376 90.222 90 89.67 89.259 88.814 88.379 88 87.71 87.494 87.322 87.167 87 86.793 86.518 86.146 85.65 85 84.169 83.128 81.849 80.304
54 52.358 51.317 50.797 50.719 51 51.561 52.323 53.203 54.122 55 55.78 56.505 57.239 58.049 59 60.141 61.45 62.889 64.418 66 67.6 69.207 70.813 72.413 74 75.571 77.139 78.721 80.336 82 83.718 85.439 87.102 88.643 90 91.119 91.985 92.591 92.932 93 92.805 92.42 91.932 91.43 91 90.707 90.518 90.376 90.222 90 89.67 89.259 88.814 88.379 88 87.71 87.494 87.322 87.167 87 86.793 86.518 86.146 85.65 85 84.169 83.128 81.849 80.304
54 52.358 51.317 50.797 50.719 51 51.561 52.323 53.203 54.122 55 55.78 56.505 57.239 58.049 59 60.141 61.45 62.889 64.418 66 67.6 69.207 70.813 72.413 74 75.571 77.139 78.721 80.336 82 83.718 85.439 87.102 88.643 90 91.119 91.985 92.591 92.932 93 92.805 92.42 91.932 91.43 91 90.707 90.518 90.376 90.222 90 89.67 89.259 88.814 88.379 88 87.71 87.494 87.322 87.167 87 86.793 86.518 86.146 85.65 85 84.169 83.128 81.849 80.304
54 52.358 51.317 50.797 50.719 51 51.561 52.323 53.203 54.122 55 55.78 56.505 57.239 58.049 59 60.141 61.45 62.889 64.418 66 67.6 69.207 70.813 72.413 74 75.571 77.139 78.721 80.336 82 83.718 85.439 87.102 88.643 90 91.119 91.985 92.591 92.932 93 92.805 92.42 91.932 91.43 91 90.707 90.518 90.376 90.222 90 89.67 89.259 88.814 88.379 88 87.71 87.494 87.322 87.167 87 86.793 86.518 86.146 85.65 85 84.169 83.128 81.849 80.304
54 52.358 51.317 50.797 50.719 51 51.561 52.323 53.203 54.122 55 55.78 56.505 57.239 58.049 59 60.141 61.45 62.889 64.418 66 67.6 69.207 70.813 72.413 74 75.571 77.139 78.721 80.336 82 83.718 85.439 87.102 88.643 90 91.119 91.985 92.591 92.932 93 92.805 92.42 91.932 91.43 91 90.707 90.518 90.376 90.222 90 89.67 89.259 88.814 88.379 88 87.71 87.494 87.322 87.167 87 86.793 86.518 86.146 85.65 85 84.169 83.128 81.849 80.304
54 52.358 51.317 50.797 50.719 51 51.561 52.323 53.203 54.122 55 55.78 56.505 57.239 58.049 59 60.141 61.45 62.889 64.418 66 67.6 69.207 70.813 72.413 74 75.571 77.139 78.721 80.336 82 83.718 85.439 87.102 88.643 90 91.119 91.985 92.591 92.932 93 92.805 92.42 91.932 91.43 91 90.707 90.518 90.376 90.222 90 89.67 89.259 88.814 88.379 88 87.71 87.494 87.322 87.167 87 86.793 86.518 86.146 85.65 85 84.169 83.128 81.849 80.304
54 52.358 51.317 50.797 50.719 51 51.561 52.323 53.203 54.122 55 55.78 56.505 57.239 58.049 59 60.141 61.45 62.889 64.418 66 67.6 69.207 70.813 72.413 74 75.571 77.139 78.721 80.336 82 83.718 85.439 87.102 88.643 90 91.119 91.985 92.591 92.932 93 92.805 92.42 91.932 91.43 91 90.707 90.518 90.376 90.222 90 89.67 89.259 88.814 88.379 88 87.71 87.494 87.322 87.167 87 86.793 86.518 86.146 85.65 85 84.169 83.128 81.849 80.304
54 52.358 51.317 50.797 50.719 51 51.561 52.323 53.203 54.122 55 55.78 56.505 57.239 58.049 59 60.141 61.45 62.889 64.418 66 67.6 69.207 70.813 72.413 74 75.571 77.139 78.721 80.336 82 83.718 85.439 87.102 88.643 90 91.119 91.985 92.591 92.932 93 92.805 92.42 91.932 91.43 91 90.707 90.518 90.376 90.222 90 89.67 89.259 88.814 88.379 88 87.71 87.494 87.322 87.167 87 86.793 86.518 86.146 85.65 85 84.169 83.128 81.849 80.304
54 52.358 51.317 50.797 50.719 51 51.561 52.323 53.203 54.122 55 55.78 56.505 57.239 58.049 59 60.141 61.45 62.889 64.418 66 67.6 69.207 70.813 72.413 74 75.571 77.139 78.721 80.336 82 83.718 85.439 87.102 88.643 90 91.119 91.985 92.591 92.932 93 92.805 92.42 91.932 91.43 91 90.707 90.518 90.376 90.222 90 89.67 89.259 88.814 88.379 88 87.71 87.494 87.322 87.167 87 86.793 86.518 86.146 85.65 85 84.169 83.128 81.849 80.304
54 52.358 51.317 50.797 50.719 51 51.561 52.323 53.203 54.122 55 55.78 56.505 57.239 58.049 59 60.141 61.45 62.889 64.418 66 67.6 69.207 70.813 72.413 74 75.571 77.139 78.721 80.336 82 83.718 85.439 87.102 88.643 90 91.119 91.985 92.591 92.932 93 92.805 92.42 91.932 91.43 91 90.707 90.518 90.376 90.222 90 89.67 89.259 88.814 88.379 88 87.71 87.494 87.322 87.167 87 86.793 86.518 86.146 85.65 85 84.169 83.128 81.849 80.304
54 52.358 51.317 50.797 50.719 51 51.561 52.323 53.203 54.122 55 55.78 56.505 57.239 58.049 59 60.141 61.45 62.889 64.418 66 67.6 69.207 70.813 72.413 74 75.571 77.139 78.721 80.336 82 83.718 85.439 87.102 88.643 90 91.119 91.985 92.591 92.932 93 92.805 92.42 91.932 91.43 91 90.707 90.518 90.376 90.222 90 89.67 89.259 88.814 88.379 88 87.71 87.494 87.322 87.167 87 86.793 86.518 86.146 85.65 85 84.169 83.128 81.849 80.304
54 52.358 51.317 50.797 50.719 51 51.561 52.323 53.203 54.122 55 55.78 56.505 57.239 58.049 59 60.141 61.45 62.889 64.418 66 67.6 69.207 70.813 72.413 74 75.571 77.139 78.721 80.336 82 83.718 85.439 87.102 88.643 90 91.119 91.985 92.591 92.932 93 92.805 92.42 91.932 91.43 91 90.707 90.518 90.376 90.222 90 89.67 89.259 88.814 88.379 88 87.71 87.494 87.322 87.167 87 86.793 86.518 86.146 85.65 85 84.169 83.128 81.849 80.304
54 52.358 51.317 50.797 50.719 51 51.561 52.323 53.203 54.122 55 55.78 56.505 57.239 58.049 59 60.141 61.45 62.889 64.418 66 67.6 69.207 70.813 72.413 74 75.571 77.139 78.721 80.336 82 83.718 85.439 87.102 88.643 90 91.119 91.985 92.591 92.932 93 92.805 92.42 91.932 91.43 91 90.707 90.518 90.376 90.222 90 89.67 89.259 88.814 88.379 88 87.71 87.494 87.322 87.167 87 86.793 86.518 86.146 85.65 85 84.169 83.128 81.849 80.304
54 52.358 51.317 50.797 50.719 51 51.561 52.323 53.203 54.122 55 55.78 56.505 57.239 58.049 59 60.141 61.45 62.889 64.418 66 67.6 69.207 70.813 72.413 74 75.571 77.139 78.721 80.336 82 83.718 85.439 87.102 88.643 90 91.119 91.985 92.591 92.932 93 92.805 92.42 91.932 91.43 91 90.707 90.518 90.376 90.222 90 89.67 89.259 88.814 88.379 88 87.71 87.494 87.322 87.167 87 86.793 86.518 86.146 85.65 85 84.169 83.128 81.849 80.304
54 52.358 51.317 50.797 50.719 51 51.561 52.323 53.203 54.122 55 55.78 56.505 57.239 58.049 59 60.141 61.45 62.889 64.418 66 67.6 69.207 70.813 72.413 74 75.571 77.139 78.721 80.336 82 83.718 85.439 87.102 88.643 90 91.119 91.985 92.591 92.932 93 92.805 92.42 91.932 91.43 91 90.707 90.518 90.376 90.222 90 89.67 89.259 88.814 88.379 88 87.71 87.494 87.322 87.167 87 86.793 86.518 86.146 85.65 85 84.169 83.128 81.849 80.304
54 52.358 51.317 50.797 50.719 51 51.561 52.323 53.203 54.122 55 55.78 56.505 57.239 58.049 59 60.141 61.45 62.889 64.418 66 67.6 69.207 70.813 72.413 74 75.571 77.139 78.721 80.336 82 83.718 85.439 87.102 88.643 90 91.119 91.985 92.591 92.932 93 92.805 92.42 91.932 91.43 91 90.707 90.518 90.376 90.222 90 89.67 89.259 88.814 88.379 88 87.71 87.494 87.322 87.167 87 86.793 86.518 86.146 85.65 85 84.169 83.128 81.849 80.304
54 52.358 51.317 50.797 50.719 51 51.561 52.323 53.203 54.122 55 55.78 56.505 57.239 58.049 59 60.141 61.45 62.889 64.418 66 67.6 69.207 70.813 72.413 74 75.571 77.139 78.721 80.336 82 83.718 85.439 87.102 88.643 90 91.119 91.985 92.591 92.932 93 92.805 92.42 91.932 91.43 91 90.707 90.518 90.376 90.222 90 89.67 89.259 88.814 88.379 88 87.71 87.494 87.322 87.167 87 86.793 86.518 86.146 85.65 85 84.169 83.128 81.849 80.304
54 52.358 51.317 50.797 50.719 51 51.561 52.323 53.203 54.122 55 55.78 56.505 57.239 58.049 59 60.141 61.45 62.889 64.418 66 67.6 69.207 70.813 72.413 74 75.571 77.139 78.721 80.336 82 83.718 85.439 87.102 88.643 90 91.119 91.985 92.591 92.932 93 92.805 92.42 91.932 91.43 91 90.707 90.518 90.376 90.222 90 89.67 89.259 88.814 88.379 88 87.71 87.494 87.322 87.167 87 86.793 86.518 86.146 85.65 85 84.169 83.128 81.849 80.304
54 52.358 51.317 50.797 50.719 51 51.561 52.323 53.203 54.122 55 55.78 56.505 57.239 58.049 59 60.141 61.45 62.889 64.418 66 67.6 69.207 70.813 72.413 74 75.571 77.139 78.721 80.336 82 83.718 85.439 87.102 88.643 90 91.119 91.985 92.591 92.932 93 92.805 92.42 91.932 91.43 91 90.707 90.518 90.376 90.222 90 89.67 89.259 88.814 88.379 88 87.71 87.494 87.322 87.167 87 86.793 86.518 86.146 85.65 85 84.169 83.128 81.849 80.304
54 52.358 51.317 50.797 50.719 51 51.561 52.323 53.203 54.122 55 55.78 56.505 57.239 58.049 59 60.141 61.45 62.889 64.418 66 67.6 69.207 70.813 72.413 74 75.571 77.139 78.721 80.336 82 83.718 85.439 87.102 88.643 90 91.119 91.985 92.591 92.932 93 92.805 92.42 91.932 91.43 91 90.707 90.518 90.376 90.222 90 89.67 89.259 88.814 88.379 88 87.71 87.494 87.322 87.167 87 86.793 86.518 86.146 85.65 85 84.169 83.128 81.849 80.304
54 52.358 51.317 50.797 50.719 51 51.561 52.323 53.203 54.122 55 55.78 56.505 57.239 58.049 59 60.141 61.45 62.889 64.418 66 67.6 69.207 70.813 72.413 74 75.571 77.139 78.721 80.336 82 83.718 85.439 87.102 88.643 90 91.119 91.985 92.591 92.932 93 92.805 92.42 91.932 91.43 91 90.707 90.518 90.376 90.222 90 89.67 89.259 88.814 88.379 88 87.71 87.494 87.322 87.167 87 86.793 86.518 86.146 85.65 85 84.169 83.128 81.849 80.304
54 52.358 51.317 50.797 50.719 51 51.561 52.323 53.203 54.122 55 55.78 56.505 57.239 58.049 59 60.141 61.45 62.889 64.418 66 67.6 69.207 70.813 72.413 74 75.571 77.139 78.721 80.336 82 83.718 85.439 87.102 88.643 90 91.119 91.985 92.591 92.932 93 92.805 92.42 91.932 91.43 91 90.707 90.518 90.376 90.222 90 89.67 89.259 88.814 88.379 88 87.71 87.494 87.322 87.167 87 86.793 86.518 86.146 85.65 85 84.169 83.128 81.849 80.304
54 52.358 51.317 50.797 50.719 51 51.561 52.323 53.203 54.122 55 55.78 56.505 57.239 58.049 59 60.141 61.45 62.889 64.418 66 67.6 69.207 70.813 72.413 74 75.571 77.139 78.721 80.336 82 83.718 85.439 87.102 88.643 90 91.119 91.985 92.591 92.932 93 92.805 92.42 91.932 91.43 91 90.707 90.518 90.376 90.222 90 89.67 89.259 88.814 88.379 88 87.71 87.494 87.322 87.167 87 86.793 86.518 86.146 85.65 85 84.169 83.128 81.849 80.304
54 52.358 51.317 50.797 50.719 51 51.561 52.323 53.203 54.122 55 55.78 56.505 57.239 58.049 59 60.141 61.45 62.889 64.418 66 67.6 69.207 70.813 72.413 74 75.571 77.139 78.721 80.336 82 83.718 85.439 87.102 88.643 90 91.119 91.985 92.591 92.932 93 92.805 92.42 91.932 91.43 91 90.707 90.518 90.376 90.222 90 89.67 89.259 88.814 88.379 88 87.71 87.494 87.322 87.167 87 86.793 86.518 86.146 85.65 85 84.169 83.128 81.849 80.304
54 52.358 51.317 50.797 50.719 51 51.561 52.323 53.203 54.122 55 55.78 56.505 57.239 58.049 59 60.141 61.45 62.889 64.418 66 67.6 69.207 70.813 72.413 74 75.571 77.139 78.721 80.336 82 83.718 85.439 87.102 88.643 90 91.119 91.985 92.591 92.932 93 92.805 92.42 91.932 91.43 91 90.707 90.518 90.376 90.222 90 89.67 89.259 88.814 88.379 88 87.71 87.494 87.322 87.167 87 86.793 86.518 86.146 85.65 85 84.169 83.128 81.849 80.304
54 52.358 51.317 50.797 50.719 51 51.561 52.323 53.203 54.122 55 55.78 56.505 57.239 58.049 59 60.141 61.45 62.889 64.418 66 67.6 69.207 70.813 72.413 74 75.571 77.139 78.721 80.336 82 83.718 85.439 87.102 88.643 90 91.119 91.985 92.591 92.932 93 92.805 92.42 91.932 91.43 91 90.707 90.518 90.376 90.222 90 89.67 89.259 88.814 88.379 88 87.71 87.494 87.322 87.167 87 86.793 86.518 86.146 85.65 85 84.169 83.128 81.849 80.304
54 52.358 51.317 50.797 50.719 51 51.561 52.323 53.203 54.122 55 55.78 56.505 57.239 58.049 59 60.141 61.45 62.889 64.418 66 67.6 69.207 70.813 72.413 74 75.571 77.139 78.721 80.336 82 83.718 85.439 87.102 88.643 90 91.119 91.985 92.591 92.932 93 92.805 92.42 91.932 91.43 91 90.707 90.518 90.376 90.222 90 89.67 89.259 88.814 88.379 88 87.71 87.494 87.322 87.167 87 86.793 86.518 86.146 85.65 85 84.169 83.128 81.849 80.304
54 52.358 51.317 50.797 50.719 51 51.561 52.323 53.203 54.122 55 55.78 56.505 57.239 58.049 59 60.141 61.45 62.889 64.418 66 67.6 69.207 70.813 72.413 74 75.571 77.139 78.721 80.336 82 83.718 85.439 87.102 88.643 90 91.119 91.985 92.591 92.932 93 92.805 92.42 91.932 91.43 91 90.707 90.518 90.376 90.222 90 89.67 89.259 88.814 88.379 88 87.71 87.494 87.322 87.167 87 86.793 86.518 86.146 85.65 85 84.169 83.128 81.849 80.304
54 52.358 51.317 50.797 50.719 51 51.561 52.323 53.203 54.122 55 55.78 56.505 57.239 58.049 59 60.141 61.45 62.889 64.418 66 67.6 69.207 70.813 72.413 74 75.571 77.139 78.721 80.336 82 83.718 85.439 87.102 88.643 90 91.119 91.985 92.591 92.932 93 92.805 92.42 91.932 91.43 91 90.707 90.518 90.376 90.222 90 89.67 89.259 88.814 88.379 88 87.71 87.494 87.322 87.167 87 86.793 86.518 86.146 85.65 85 84.169 83.128 81.849 80.304
