224 222.49 221.02 219.59 218.25 217 215.87 214.89 214.06 213.43 213 212.8 212.81 213.02 213.42 214 214.74 215.62 216.63 217.76 219 220.33 221.73 223.19 224.7
224 222.49 221.02 219.59 218.25 217 215.87 214.89 214.06 213.43 213 212.8 212.81 213.02 213.42 214 214.74 215.62 216.63 217.76 219 220.33 221.73 223.19 224.7
224 222.49 221.02 219.59 218.25 217 215.87 214.89 214.06 213.43 213 212.8 212.81 213.02 213.42 214 214.74 215.62 216.63 217.76 219 220.33 221.73 223.19 224.7
224 222.49 221.02 219.59 218.25 217 215.87 214.89 214.06 213.43 213 212.8 212.81 213.02 213.42 214 214.74 215.62 216.63 217.76 219 220.33 221.73 223.19 224.7
224 222.49 221.02 219.59 218.25 217 215.87 214.89 214.06 213.43 213 212.8 212.81 213.02 213.42 214 214.74 215.62 216.63 217.76 219 220.33 221.73 223.19 224.7
224 222.49 221.02 219.59 218.25 217 215.87 214.89 214.06 213.43 213 212.8 212.81 213.02 213.42 214 214.74 215.62 216.63 217.76 219 220.33 221.73 223.19 224.7
224 222.49 221.02 219.59 218.25 217 215.87 214.89 214.06 213.43 213 212.8 212.81 213.02 213.42 214 214.74 215.62 216.63 217.76 219 220.33 221.73 223.19 224.7
224 222.49 221.02 219.59 218.25 217 215.87 214.89 214.06 213.43 213 212.8 212.81 213.02 213.42 214 214.74 215.62 216.63 217.76 219 220.33 221.73 223.19 224.7
224 222.49 221.02 219.59 218.25 217 215.87 214.89 214.06 213.43 213 212.8 212.81 213.02 213.42 214 214.74 215.62 216.63 217.76 219 220.33 221.73 223.19 224.7
224 222.49 221.02 219.59 218.25 217 215.87 214.89 214.06 213.43 213 212.8 212.81 213.02 213.42 214 214.74 215.62 216.63 217.76 219 220.33 221.73 223.19 224.7
224 222.49 221.02 219.59 218.25 217 215.87 214.89 214.06 213.43 213 212.8 212.81 213.02 213.42 214 214.74 215.62 216.63 217.76 219 220.33 221.73 223.19 224.7
224 222.49 221.02 219.59 218.25 217 215.87 214.89 214.06 213.43 213 212.8 212.81 213.02 213.42 214 214.74 215.62 216.63 217.76 219 220.33 221.73 223.19 224.7
224 222.49 221.02 219.59 218.25 217 215.87 214.89 214.06 213.43 213 212.8 212.81 213.02 213.42 214 214.74 215.62 216.63 217.76 219 220.33 221.73 223.19 224.7
224 222.49 221.02 219.59 218.25 217 215.87 214.89 214.06 213.43 213 212.8 212.81 213.02 213.42 214 214.74 215.62 216.63 217.76 219 220.33 221.73 223.19 224.7
224 222.49 221.02 219.59 218.25 217 215.87 214.89 214.06 213.43 213 212.8 212.81 213.02 213.42 214 214.74 215.62 216.63 217.76 219 220.33 221.73 223.19 224.7
224 222.49 221.02 219.59 218.25 217 215.87 214.89 214.06 213.43 213 212.8 212.81 213.02 213.42 214 214.74 215.62 216.63 217.76 219 220.33 221.73 223.19 224.7
224 222.49 221.02 219.59 218.25 217 215.87 214.89 214.06 213.43 213 212.8 212.81 213.02 213.42 214 214.74 215.62 216.63 217.76 219 220.33 221.73 223.19 224.7
224 222.49 221.02 219.59 218.25 217 215.87 214.89 214.06 213.43 213 212.8 212.81 213.02 213.42 214 214.74 215.62 216.63 217.76 219 220.33 221.73 223.19 224.7
224 222.49 221.02 219.59 218.25 217 215.87 214.89 214.06 213.43 213 212.8 212.81 213.02 213.42 214 214.74 215.62 216.63 217.76 219 220.33 221.73 223.19 224.7
224 222.49 221.02 219.59 218.25 217 215.87 214.89 214.06 213.43 213 212.8 212.81 213.02 213.42 214 214.74 215.62 216.63 217.76 219 220.33 221.73 223.19 224.7
224 222.49 221.02 219.59 218.25 217 215.87 214.89 214.06 213.43 213 212.8 212.81 213.02 213.42 214 214.74 215.62 216.63 217.76 219 220.33 221.73 223.19 224.7
224 222.49 221.02 219.59 218.25 217 215.87 214.89 214.06 213.43 213 212.8 212.81 213.02 213.42 214 214.74 215.62 216.63 217.76 219 220.33 221.73 223.19 224.7
224 222.49 221.02 219.59 218.25 217 215.87 214.89 214.06 213.43 213 212.8 212.81 213.02 213.42 214 214.74 215.62 216.63 217.76 219 220.33 221.73 223.19 224.7
224 222.49 221.02 219.59 218.25 217 215.87 214.89 214.06 213.43 213 212.8 212.81 213.02 213.42 214 214.74 215.62 216.63 217.76 219 220.33 221.73 223.19 224.7
224 222.49 221.02 219.59 218.25 217 215.87 214.89 214.06 213.43 213 212.8 212.81 213.02 213.42 214 214.74 215.62 216.63 217.76 219 220.33 221.73 223.19 224.7
224 222.49 221.02 219.59 218.25 217 215.87 214.89 214.06 213.43 213 212.8 212.81 213.02 213.42 214 214.74 215.62 216.63 217.76 219 220.33 221.73 223.19 224.7
224 222.49 221.02 219.59 218.25 217 215.87 214.89 214.06 213.43 213 212.8 212.81 213.02 213.42 214 214.74 215.62 216.63 217.76 219 220.33 221.73 223.19 224.7
224 222.49 221.02 219.59 218.25 217 215.87 214.89 214.06 213.43 213 212.8 212.81 213.02 213.42 214 214.74 215.62 216.63 217.76 219 220.33 221.73 223.19 224.7
224 222.49 221.02 219.59 218.25 217 215.87 214.89 214.06 213.43 213 212.8 212.81 213.02 213.42 214 214.74 215.62 216.63 217.76 219 220.33 221.73 223.19 224.7
224 222.49 221.02 219.59 218.25 217 215.87 214.89 214.06 213.43 213 212.8 212.81 213.02 213.42 214 214.74 215.62 216.63 217.76 219 220.33 221.73 223.19 224.7
224 222.49 221.02 219.59 218.25 217 215.87 214.89 214.06 213.43 213 212.8 212.81 213.02 213.42 214 214.74 215.62 216.63 217.76 219 220.33 221.73 223.19 224.7
224 222.49 221.02 219.59 218.25 217 215.87 214.89 214.06 213.43 213 212.8 212.81 213.02 213.42 214 214.74 215.62 216.63 217.76 219 220.33 221.73 223.19 224.7
224 222.49 221.02 219.59 218.25 217 215.87 214.89 214.06 213.43 213 212.8 212.81 213.02 213.42 214 214.74 215.62 216.63 217.76 219 220.33 221.73 223.19 224.7
224 222.49 221.02 219.59 218.25 217 215.87 214.89 214.06 213.43 213 212.8 212.81 213.02 213.42 214 214.74 215.62 216.63 217.76 219 220.33 221.73 223.19 224.7
224 222.49 221.02 219.59 218.25 217 215.87 214.89 214.06 213.43 213 212.8 212.81 213.02 213.42 214 214.74 215.62 216.63 217.76 219 220.33 221.73 223.19 224.7
224 222.49 221.02 219.59 218.25 217 215.87 214.89 214.06 213.43 213 212.8 212.81 213.02 213.42 214 214.74 215.62 216.63 217.76 219 220.33 221.73 223.19 224.7
224 222.49 221.02 219.59 218.25 217 215.87 214.89 214.06 213.43 213 212.8 212.81 213.02 213.42 214 214.74 215.62 216.63 217.76 219 220.33 221.73 223.19 224.7
224 222.49 221.02 219.59 218.25 217 215.87 214.89 214.06 213.43 213 212.8 212.81 213.02 213.42 214 214.74 215.62 216.63 217.76 219 220.33 221.73 223.19 224.7
224 222.49 221.02 219.59 218.25 217 215.87 214.89 214.06 213.43 213 212.8 212.81 213.02 213.42 214 214.74 215.62 216.63 217.76 219 220.33 221.73 223.19 224.7
224 222.49 221.02 219.59 218.25 217 215.87 214.89 214.06 213.43 213 212.8 212.81 213.02 213.42 214 214.74 215.62 216.63 217.76 219 220.33 221.73 223.19 224.7
224 222.49 221.02 219.59 218.25 217 215.87 214.89 214.06 213.43 213 212.8 212.81 213.02 213.42 214 214.74 215.62 216.63 217.76 219 220.33 221.73 223.19 224.7
224 222.49 221.02 219.59 218.25 217 215.87 214.89 214.06 213.43 213 212.8 212.81 213.02 213.42 214 214.74 215.62 216.63 217.76 219 220.33 221.73 223.19 224.7
224 222.49 221.02 219.59 218.25 217 215.87 214.89 214.06 213.43 213 212.8 212.81 213.02 213.42 214 214.74 215.62 216.63 217.76 219 220.33 221.73 223.19 224.7
224 222.49 221.02 219.59 218.25 217 215.87 214.89 214.06 213.43 213 212.8 212.81 213.02 213.42 214 214.74 215.62 216.63 217.76 219 220.33 221.73 223.19 224.7
224 222.49 221.02 219.59 218.25 217 215.87 214.89 214.06 213.43 213 212.8 212.81 213.02 213.42 214 214.74 215.62 216.63 217.76 219 220.33 221.73 223.19 224.7
224 222.49 221.02 219.59 218.25 217 215.87 214.89 214.06 213.43 213 212.8 212.81 213.02 213.42 214 214.74 215.62 216.63 217.76 219 220.33 221.73 223.19 224.7
224 222.49 221.02 219.59 218.25 217 215.87 214.89 214.06 213.43 213 212.8 212.81 213.02 213.42 214 214.74 215.62 216.63 217.76 219 220.33 221.73 223.19 224.7
224 222.49 221.02 219.59 218.25 217 215.87 214.89 214.06 213.43 213 212.8 212.81 213.02 213.42 214 214.74 215.62 216.63 217.76 219 220.33 221.73 223.19 224.7
224 222.49 221.02 219.59 218.25 217 215.87 214.89 214.06 213.43 213 212.8 212.81 213.02 213.42 214 214.74 215.62 216.63 217.76 219 220.33 221.73 223.19 224.7
224 222.49 221.02 219.59 218.25 217 215.87 214.89 214.06 213.43 213 212.8 212.81 213.02 213.42 214 214.74 215.62 216.63 217.76 219 220.33 221.73 223.19 224.7
224 222.49 221.02 219.59 218.25 217 215.87 214.89 214.06 213.43 213 212.8 212.81 213.02 213.42 214 214.74 215.62 216.63 217.76 219 220.33 221.73 223.19 224.7
224 222.49 221.02 219.59 218.25 217 215.87 214.89 214.06 213.43 213 212.8 212.81 213.02 213.42 214 214.74 215.62 216.63 217.76 219 220.33 221.73 223.19 224.7
224 222.49 221.02 219.59 218.25 217 215.87 214.89 214.06 213.43 213 212.8 212.81 213.02 213.42 214 214.74 215.62 216.63 217.76 219 220.33 221.73 223.19 224.7
224 222.49 221.02 219.59 218.25 217 215.87 214.89 214.06 213.43 213 212.8 212.81 213.02 213.42 214 214.74 215.62 216.63 217.76 219 220.33 221.73 223.19 224.7
224 222.49 221.02 219.59 218.25 217 215.87 214.89 214.06 213.43 213 212.8 212.81 213.02 213.42 214 214.74 215.62 216.63 217.76 219 220.33 221.73 223.19 224.7
224 222.49 221.02 219.59 218.25 217 215.87 214.89 214.06 213.43 213 212.8 212.81 213.02 213.42 214 214.74 215.62 216.63 217.76 219 220.33 221.73 223.19 224.7
224 222.49 221.02 219.59 218.25 217 215.87 214.89 214.06 213.43 213 212.8 212.81 213.02 213.42 214 214.74 215.62 216.63 217.76 219 220.33 221.73 223.19 224.7
224 222.49 221.02 219.59 218.25 217 215.87 214.89 214.06 213.43 213 212.8 212.81 213.02 213.42 214 214.74 215.62 216.63 217.76 219 220.33 221.73 223.19 224.7
224 222.49 221.02 219.59 218.25 217 215.87 214.89 214.06 213.43 213 212.8 212.81 213.02 213.42 214 214.74 215.62 216.63 217.76 219 220.33 221.73 223.19 224.7
224 222.49 221.02 219.59 218.25 217 215.87 214.89 214.06 213.43 213 212.8 212.81 213.02 213.42 214 214.74 215.62 216.63 217.76 219 220.33 221.73 223.19 224.7
224 222.49 221.02 219.59 218.25 217 215.87 214.89 214.06 213.43 213 212.8 212.81 213.02 213.42 214 214.74 215.62 216.63 217.76 219 220.33 221.73 223.19 224.7
224 222.49 221.02 219.59 218.25 217 215.87 214.89 214.06 213.43 213 212.8 212.81 213.02 213.42 214 214.74 215.62 216.63 217.76 219 220.33 221.73 223.19 224.7
224 222.49 221.02 219.59 218.25 217 215.87 214.89 214.06 213.43 213 212.8 212.81 213.02 213.42 214 214.74 215.62 216.63 217.76 219 220.33 221.73 223.19 224.7
224 222.49 221.02 219.59 218.25 217 215.87 214.89 214.06 213.43 213 212.8 212.81 213.02 213.42 214 214.74 215.62 216.63 217.76 219 220.33 221.73 223.19 224.7
