87 87.285 88.021 89.113 90.47 92 93.61 95.207 96.699 97.995 99 99.644 99.936 99.905 99.584 99 98.207 97.347 96.583 96.079 96 96.455 97.341 98.499 99.772 101 102.05 102.89 103.5 103.87 104 103.89 103.68 103.52 103.58 104 104.91 106.25 107.94 109.88 112 114.2 116.45 118.69 120.88 123 125 126.89 128.68 130.38 132 133.56 135.09 136.65 138.27 140 141.87 143.85 145.89 147.96 150 151.98 153.88 155.68 157.4 159 160.49 161.84 163.05 164.11 165 165.71 166.26 166.64 166.89 167 166.99 166.88 166.66 166.37 166 165.57 165.1 164.59 164.06
87 87.285 88.021 89.113 90.47 92 93.61 95.207 96.699 97.995 99 99.644 99.936 99.905 99.584 99 98.207 97.347 96.583 96.079 96 96.455 97.341 98.499 99.772 101 102.05 102.89 103.5 103.87 104 103.89 103.68 103.52 103.58 104 104.91 106.25 107.94 109.88 112 114.2 116.45 118.69 120.88 123 125 126.89 128.68 130.38 132 133.56 135.09 136.65 138.27 140 141.87 143.85 145.89 147.96 150 151.98 153.88 155.68 157.4 159 160.49 161.84 163.05 164.11 165 165.71 166.26 166.64 166.89 167 166.99 166.88 166.66 166.37 166 165.57 165.1 164.59 164.06
87 87.285 88.021 89.113 90.47 92 93.61 95.207 96.699 97.995 99 99.644 99.936 99.905 99.584 99 98.207 97.347 96.583 96.079 96 96.455 97.341 98.499 99.772 101 102.05 102.89 103.5 103.87 104 103.89 103.68 103.52 103.58 104 104.91 106.25 107.94 109.88 112 114.2 116.45 118.69 120.88 123 125 126.89 128.68 130.38 132 133.56 135.09 136.65 138.27 140 141.87 143.85 145.89 147.96 150 151.98 153.88 155.68 157.4 159 160.49 161.84 163.05 164.11 165 165.71 166.26 166.64 166.89 167 166.99 166.88 166.66 166.37 166 165.57 165.1 164.59 164.06
87 87.285 88.021 89.113 90.47 92 93.61 95.207 96.699 97.995 99 99.644 99.936 99.905 99.584 99 98.207 97.347 96.583 96.079 96 96.455 97.341 98.499 99.772 101 102.05 102.89 103.5 103.87 104 103.89 103.68 103.52 103.58 104 104.91 106.25 107.94 109.88 112 114.2 116.45 118.69 120.88 123 125 126.89 128.68 130.38 132 133.56 135.09 136.65 138.27 140 141.87 143.85 145.89 147.96 150 151.98 153.88 155.68 157.4 159 160.49 161.84 163.05 164.11 165 165.71 166.26 166.64 166.89 167 166.99 166.88 166.66 166.37 166 165.57 165.1 164.59 164.06
87 87.285 88.021 89.113 90.47 92 93.61 95.207 96.699 97.995 99 99.644 99.936 99.905 99.584 99 98.207 97.347 96.583 96.079 96 96.455 97.341 98.499 99.772 101 102.05 102.89 103.5 103.87 104 103.89 103.68 103.52 103.58 104 104.91 106.25 107.94 109.88 112 114.2 116.45 118.69 120.88 123 125 126.89 128.68 130.38 132 133.56 135.09 136.65 138.27 140 141.87 143.85 145.89 147.96 150 151.98 153.88 155.68 157.4 159 160.49 161.84 163.05 164.11 165 165.71 166.26 166.64 166.89 167 166.99 166.88 166.66 166.37 166 165.57 165.1 164.59 164.06
87 87.285 88.021 89.113 90.47 92 93.61 95.207 96.699 97.995 99 99.644 99.936 99.905 99.584 99 98.207 97.347 96.583 96.079 96 96.455 97.341 98.499 99.772 101 102.05 102.89 103.5 103.87 104 103.89 103.68 103.52 103.58 104 104.91 106.25 107.94 109.88 112 114.2 116.45 118.69 120.88 123 125 126.89 128.68 130.38 132 133.56 135.09 136.65 138.27 140 141.87 143.85 145.89 147.96 150 151.98 153.88 155.68 157.4 159 160.49 161.84 163.05 164.11 165 165.71 166.26 166.64 166.89 167 166.99 166.88 166.66 166.37 166 165.57 165.1 164.59 164.06
87 87.285 88.021 89.113 90.47 92 93.61 95.207 96.699 97.995 99 99.644 99.936 99.905 99.584 99 98.207 97.347 96.583 96.079 96 96.455 97.341 98.499 99.772 101 102.05 102.89 103.5 103.87 104 103.89 103.68 103.52 103.58 104 104.91 106.25 107.94 109.88 112 114.2 116.45 118.69 120.88 123 125 126.89 128.68 130.38 132 133.56 135.09 136.65 138.27 140 141.87 143.85 145.89 147.96 150 151.98 153.88 155.68 157.4 159 160.49 161.84 163.05 164.11 165 165.71 166.26 166.64 166.89 167 166.99 166.88 166.66 166.37 166 165.57 165.1 164.59 164.06
87 87.285 88.021 89.113 90.47 92 93.61 95.207 96.699 97.995 99 99.644 99.936 99.905 99.584 99 98.207 97.347 96.583 96.079 96 96.455 97.341 98.499 99.772 101 102.05 102.89 103.5 103.87 104 103.89 103.68 103.52 103.58 104 104.91 106.25 107.94 109.88 112 114.2 116.45 118.69 120.88 123 125 126.89 128.68 130.38 132 133.56 135.09 136.65 138.27 140 141.87 143.85 145.89 147.96 150 151.98 153.88 155.68 157.4 159 160.49 161.84 163.05 164.11 165 165.71 166.26 166.64 166.89 167 166.99 166.88 166.66 166.37 166 165.57 165.1 164.59 164.06
87 87.285 88.021 89.113 90.47 92 93.61 95.207 96.699 97.995 99 99.644 99.936 99.905 99.584 99 98.207 97.347 96.583 96.079 96 96.455 97.341 98.499 99.772 101 102.05 102.89 103.5 103.87 104 103.89 103.68 103.52 103.58 104 104.91 106.25 107.94 109.88 112 114.2 116.45 118.69 120.88 123 125 126.89 128.68 130.38 132 133.56 135.09 136.65 138.27 140 141.87 143.85 145.89 147.96 150 151.98 153.88 155.68 157.4 159 160.49 161.84 163.05 164.11 165 165.71 166.26 166.64 166.89 167 166.99 166.88 166.66 166.37 166 165.57 165.1 164.59 164.06
87 87.285 88.021 89.113 90.47 92 93.61 95.207 96.699 97.995 99 99.644 99.936 99.905 99.584 99 98.207 97.347 96.583 96.079 96 96.455 97.341 98.499 99.772 101 102.05 102.89 103.5 103.87 104 103.89 103.68 103.52 103.58 104 104.91 106.25 107.94 109.88 112 114.2 116.45 118.69 120.88 123 125 126.89 128.68 130.38 132 133.56 135.09 136.65 138.27 140 141.87 143.85 145.89 147.96 150 151.98 153.88 155.68 157.4 159 160.49 161.84 163.05 164.11 165 165.71 166.26 166.64 166.89 167 166.99 166.88 166.66 166.37 166 165.57 165.1 164.59 164.06
87 87.285 88.021 89.113 90.47 92 93.61 95.207 96.699 97.995 99 99.644 99.936 99.905 99.584 99 98.207 97.347 96.583 96.079 96 96.455 97.341 98.499 99.772 101 102.05 102.89 103.5 103.87 104 103.89 103.68 103.52 103.58 104 104.91 106.25 107.94 109.88 112 114.2 116.45 118.69 120.88 123 125 126.89 128.68 130.38 132 133.56 135.09 136.65 138.27 140 141.87 143.85 145.89 147.96 150 151.98 153.88 155.68 157.4 159 160.49 161.84 163.05 164.11 165 165.71 166.26 166.64 166.89 167 166.99 166.88 166.66 166.37 166 165.57 165.1 164.59 164.06
87 87.285 88.021 89.113 90.47 92 93.61 95.207 96.699 97.995 99 99.644 99.936 99.905 99.584 99 98.207 97.347 96.583 96.079 96 96.455 97.341 98.499 99.772 101 102.05 102.89 103.5 103.87 104 103.89 103.68 103.52 103.58 104 104.91 106.25 107.94 109.88 112 114.2 116.45 118.69 120.88 123 125 126.89 128.68 130.38 132 133.56 135.09 136.65 138.27 140 141.87 143.85 145.89 147.96 150 151.98 153.88 155.68 157.4 159 160.49 161.84 163.05 164.11 165 165.71 166.26 166.64 166.89 167 166.99 166.88 166.66 166.37 166 165.57 165.1 164.59 164.06
87 87.285 88.021 89.113 90.47 92 93.61 95.207 96.699 97.995 99 99.644 99.936 99.905 99.584 99 98.207 97.347 96.583 96.079 96 96.455 97.341 98.499 99.772 101 102.05 102.89 103.5 103.87 104 103.89 103.68 103.52 103.58 104 104.91 106.25 107.94 109.88 112 114.2 116.45 118.69 120.88 123 125 126.89 128.68 130.38 132 133.56 135.09 136.65 138.27 140 141.87 143.85 145.89 147.96 150 151.98 153.88 155.68 157.4 159 160.49 161.84 163.05 164.11 165 165.71 166.26 166.64 166.89 167 166.99 166.88 166.66 166.37 166 165.57 165.1 164.59 164.06
87 87.285 88.021 89.113 90.47 92 93.61 95.207 96.699 97.995 99 99.644 99.936 99.905 99.584 99 98.207 97.347 96.583 96.079 96 96.455 97.341 98.499 99.772 101 102.05 102.89 103.5 103.87 104 103.89 103.68 103.52 103.58 104 104.91 106.25 107.94 109.88 112 114.2 116.45 118.69 120.88 123 125 126.89 128.68 130.38 132 133.56 135.09 136.65 138.27 140 141.87 143.85 145.89 147.96 150 151.98 153.88 155.68 157.4 159 160.49 161.84 163.05 164.11 165 165.71 166.26 166.64 166.89 167 166.99 166.88 166.66 166.37 166 165.57 165.1 164.59 164.06
87 87.285 88.021 89.113 90.47 92 93.61 95.207 96.699 97.995 99 99.644 99.936 99.905 99.584 99 98.207 97.347 96.583 96.079 96 96.455 97.341 98.499 99.772 101 102.05 102.89 103.5 103.87 104 103.89 103.68 103.52 103.58 104 104.91 106.25 107.94 109.88 112 114.2 116.45 118.69 120.88 123 125 126.89 128.68 130.38 132 133.56 135.09 136.65 138.27 140 141.87 143.85 145.89 147.96 150 151.98 153.88 155.68 157.4 159 160.49 161.84 163.05 164.11 165 165.71 166.26 166.64 166.89 167 166.99 166.88 166.66 166.37 166 165.57 165.1 164.59 164.06
87 87.285 88.021 89.113 90.47 92 93.61 95.207 96.699 97.995 99 99.644 99.936 99.905 99.584 99 98.207 97.347 96.583 96.079 96 96.455 97.341 98.499 99.772 101 102.05 102.89 103.5 103.87 104 103.89 103.68 103.52 103.58 104 104.91 106.25 107.94 109.88 112 114.2 116.45 118.69 120.88 123 125 126.89 128.68 130.38 132 133.56 135.09 136.65 138.27 140 141.87 143.85 145.89 147.96 150 151.98 153.88 155.68 157.4 159 160.49 161.84 163.05 164.11 165 165.71 166.26 166.64 166.89 167 166.99 166.88 166.66 166.37 166 165.57 165.1 164.59 164.06
87 87.285 88.021 89.113 90.47 92 93.61 95.207 96.699 97.995 99 99.644 99.936 99.905 99.584 99 98.207 97.347 96.583 96.079 96 96.455 97.341 98.499 99.772 101 102.05 102.89 103.5 103.87 104 103.89 103.68 103.52 103.58 104 104.91 106.25 107.94 109.88 112 114.2 116.45 118.69 120.88 123 125 126.89 128.68 130.38 132 133.56 135.09 136.65 138.27 140 141.87 143.85 145.89 147.96 150 151.98 153.88 155.68 157.4 159 160.49 161.84 163.05 164.11 165 165.71 166.26 166.64 166.89 167 166.99 166.88 166.66 166.37 166 165.57 165.1 164.59 164.06
87 87.285 88.021 89.113 90.47 92 93.61 95.207 96.699 97.995 99 99.644 99.936 99.905 99.584 99 98.207 97.347 96.583 96.079 96 96.455 97.341 98.499 99.772 101 102.05 102.89 103.5 103.87 104 103.89 103.68 103.52 103.58 104 104.91 106.25 107.94 109.88 112 114.2 116.45 118.69 120.88 123 125 126.89 128.68 130.38 132 133.56 135.09 136.65 138.27 140 141.87 143.85 145.89 147.96 150 151.98 153.88 155.68 157.4 159 160.49 161.84 163.05 164.11 165 165.71 166.26 166.64 166.89 167 166.99 166.88 166.66 166.37 166 165.57 165.1 164.59 164.06
87 87.285 88.021 89.113 90.47 92 93.61 95.207 96.699 97.995 99 99.644 99.936 99.905 99.584 99 98.207 97.347 96.583 96.079 96 96.455 97.341 98.499 99.772 101 102.05 102.89 103.5 103.87 104 103.89 103.68 103.52 103.58 104 104.91 106.25 107.94 109.88 112 114.2 116.45 118.69 120.88 123 125 126.89 128.68 130.38 132 133.56 135.09 136.65 138.27 140 141.87 143.85 145.89 147.96 150 151.98 153.88 155.68 157.4 159 160.49 161.84 163.05 164.11 165 165.71 166.26 166.64 166.89 167 166.99 166.88 166.66 166.37 166 165.57 165.1 164.59 164.06
87 87.285 88.021 89.113 90.47 92 93.61 95.207 96.699 97.995 99 99.644 99.936 99.905 99.584 99 98.207 97.347 96.583 96.079 96 96.455 97.341 98.499 99.772 101 102.05 102.89 103.5 103.87 104 103.89 103.68 103.52 103.58 104 104.91 106.25 107.94 109.88 112 114.2 116.45 118.69 120.88 123 125 126.89 128.68 130.38 132 133.56 135.09 136.65 138.27 140 141.87 143.85 145.89 147.96 150 151.98 153.88 155.68 157.4 159 160.49 161.84 163.05 164.11 165 165.71 166.26 166.64 166.89 167 166.99 166.88 166.66 166.37 166 165.57 165.1 164.59 164.06
87 87.285 88.021 89.113 90.47 92 93.61 95.207 96.699 97.995 99 99.644 99.936 99.905 99.584 99 98.207 97.347 96.583 96.079 96 96.455 97.341 98.499 99.772 101 102.05 102.89 103.5 103.87 104 103.89 103.68 103.52 103.58 104 104.91 106.25 107.94 109.88 112 114.2 116.45 118.69 120.88 123 125 126.89 128.68 130.38 132 133.56 135.09 136.65 138.27 140 141.87 143.85 145.89 147.96 150 151.98 153.88 155.68 157.4 159 160.49 161.84 163.05 164.11 165 165.71 166.26 166.64 166.89 167 166.99 166.88 166.66 166.37 166 165.57 165.1 164.59 164.06
87 87.285 88.021 89.113 90.47 92 93.61 95.207 96.699 97.995 99 99.644 99.936 99.905 99.584 99 98.207 97.347 96.583 96.079 96 96.455 97.341 98.499 99.772 101 102.05 102.89 103.5 103.87 104 103.89 103.68 103.52 103.58 104 104.91 106.25 107.94 109.88 112 114.2 116.45 118.69 120.88 123 125 126.89 128.68 130.38 132 133.56 135.09 136.65 138.27 140 141.87 143.85 145.89 147.96 150 151.98 153.88 155.68 157.4 159 160.49 161.84 163.05 164.11 165 165.71 166.26 166.64 166.89 167 166.99 166.88 166.66 166.37 166 165.57 165.1 164.59 164.06
87 87.285 88.021 89.113 90.47 92 93.61 95.207 96.699 97.995 99 99.644 99.936 99.905 99.584 99 98.207 97.347 96.583 96.079 96 96.455 97.341 98.499 99.772 101 102.05 102.89 103.5 103.87 104 103.89 103.68 103.52 103.58 104 104.91 106.25 107.94 109.88 112 114.2 116.45 118.69 120.88 123 125 126.89 128.68 130.38 132 133.56 135.09 136.65 138.27 140 141.87 143.85 145.89 147.96 150 151.98 153.88 155.68 157.4 159 160.49 161.84 163.05 164.11 165 165.71 166.26 166.64 166.89 167 166.99 166.88 166.66 166.37 166 165.57 165.1 164.59 164.06
87 87.285 88.021 89.113 90.47 92 93.61 95.207 96.699 97.995 99 99.644 99.936 99.905 99.584 99 98.207 97.347 96.583 96.079 96 96.455 97.341 98.499 99.772 101 102.05 102.89 103.5 103.87 104 103.89 103.68 103.52 103.58 104 104.91 106.25 107.94 109.88 112 114.2 116.45 118.69 120.88 123 125 126.89 128.68 130.38 132 133.56 135.09 136.65 138.27 140 141.87 143.85 145.89 147.96 150 151.98 153.88 155.68 157.4 159 160.49 161.84 163.05 164.11 165 165.71 166.26 166.64 166.89 167 166.99 166.88 166.66 166.37 166 165.57 165.1 164.59 164.06
87 87.285 88.021 89.113 90.47 92 93.61 95.207 96.699 97.995 99 99.644 99.936 99.905 99.584 99 98.207 97.347 96.583 96.079 96 96.455 97.341 98.499 99.772 101 102.05 102.89 103.5 103.87 104 103.89 103.68 103.52 103.58 104 104.91 106.25 107.94 109.88 112 114.2 116.45 118.69 120.88 123 125 126.89 128.68 130.38 132 133.56 135.09 136.65 138.27 140 141.87 143.85 145.89 147.96 150 151.98 153.88 155.68 157.4 159 160.49 161.84 163.05 164.11 165 165.71 166.26 166.64 166.89 167 166.99 166.88 166.66 166.37 166 165.57 165.1 164.59 164.06
87 87.285 88.021 89.113 90.47 92 93.61 95.207 96.699 97.995 99 99.644 99.936 99.905 99.584 99 98.207 97.347 96.583 96.079 96 96.455 97.341 98.499 99.772 101 102.05 102.89 103.5 103.87 104 103.89 103.68 103.52 103.58 104 104.91 106.25 107.94 109.88 112 114.2 116.45 118.69 120.88 123 125 126.89 128.68 130.38 132 133.56 135.09 136.65 138.27 140 141.87 143.85 145.89 147.96 150 151.98 153.88 155.68 157.4 159 160.49 161.84 163.05 164.11 165 165.71 166.26 166.64 166.89 167 166.99 166.88 166.66 166.37 166 165.57 165.1 164.59 164.06
87 87.285 88.021 89.113 90.47 92 93.61 95.207 96.699 97.995 99 99.644 99.936 99.905 99.584 99 98.207 97.347 96.583 96.079 96 96.455 97.341 98.499 99.772 101 102.05 102.89 103.5 103.87 104 103.89 103.68 103.52 103.58 104 104.91 106.25 107.94 109.88 112 114.2 116.45 118.69 120.88 123 125 126.89 128.68 130.38 132 133.56 135.09 136.65 138.27 140 141.87 143.85 145.89 147.96 150 151.98 153.88 155.68 157.4 159 160.49 161.84 163.05 164.11 165 165.71 166.26 166.64 166.89 167 166.99 166.88 166.66 166.37 166 165.57 165.1 164.59 164.06
87 87.285 88.021 89.113 90.47 92 93.61 95.207 96.699 97.995 99 99.644 99.936 99.905 99.584 99 98.207 97.347 96.583 96.079 96 96.455 97.341 98.499 99.772 101 102.05 102.89 103.5 103.87 104 103.89 103.68 103.52 103.58 104 104.91 106.25 107.94 109.88 112 114.2 116.45 118.69 120.88 123 125 126.89 128.68 130.38 132 133.56 135.09 136.65 138.27 140 141.87 143.85 145.89 147.96 150 151.98 153.88 155.68 157.4 159 160.49 161.84 163.05 164.11 165 165.71 166.26 166.64 166.89 167 166.99 166.88 166.66 166.37 166 165.57 165.1 164.59 164.06
87 87.285 88.021 89.113 90.47 92 93.61 95.207 96.699 97.995 99 99.644 99.936 99.905 99.584 99 98.207 97.347 96.583 96.079 96 96.455 97.341 98.499 99.772 101 102.05 102.89 103.5 103.87 104 103.89 103.68 103.52 103.58 104 104.91 106.25 107.94 109.88 112 114.2 116.45 118.69 120.88 123 125 126.89 128.68 130.38 132 133.56 135.09 136.65 138.27 140 141.87 143.85 145.89 147.96 150 151.98 153.88 155.68 157.4 159 160.49 161.84 163.05 164.11 165 165.71 166.26 166.64 166.89 167 166.99 166.88 166.66 166.37 166 165.57 165.1 164.59 164.06
87 87.285 88.021 89.113 90.47 92 93.61 95.207 96.699 97.995 99 99.644 99.936 99.905 99.584 99 98.207 97.347 96.583 96.079 96 96.455 97.341 98.499 99.772 101 102.05 102.89 103.5 103.87 104 103.89 103.68 103.52 103.58 104 104.91 106.25 107.94 109.88 112 114.2 116.45 118.69 120.88 123 125 126.89 128.68 130.38 132 133.56 135.09 136.65 138.27 140 141.87 143.85 145.89 147.96 150 151.98 153.88 155.68 157.4 159 160.49 161.84 163.05 164.11 165 165.71 166.26 166.64 166.89 167 166.99 166.88 166.66 166.37 166 165.57 165.1 164.59 164.06
87 87.285 88.021 89.113 90.47 92 93.61 95.207 96.699 97.995 99 99.644 99.936 99.905 99.584 99 98.207 97.347 96.583 96.079 96 96.455 97.341 98.499 99.772 101 102.05 102.89 103.5 103.87 104 103.89 103.68 103.52 103.58 104 104.91 106.25 107.94 109.88 112 114.2 116.45 118.69 120.88 123 125 126.89 128.68 130.38 132 133.56 135.09 136.65 138.27 140 141.87 143.85 145.89 147.96 150 151.98 153.88 155.68 157.4 159 160.49 161.84 163.05 164.11 165 165.71 166.26 166.64 166.89 167 166.99 166.88 166.66 166.37 166 165.57 165.1 164.59 164.06
87 87.285 88.021 89.113 90.47 92 93.61 95.207 96.699 97.995 99 99.644 99.936 99.905 99.584 99 98.207 97.347 96.583 96.079 96 96.455 97.341 98.499 99.772 101 102.05 102.89 103.5 103.87 104 103.89 103.68 103.52 103.58 104 104.91 106.25 107.94 109.88 112 114.2 116.45 118.69 120.88 123 125 126.89 128.68 130.38 132 133.56 135.09 136.65 138.27 140 141.87 143.85 145.89 147.96 150 151.98 153.88 155.68 157.4 159 160.49 161.84 163.05 164.11 165 165.71 166.26 166.64 166.89 167 166.99 166.88 166.66 166.37 166 165.57 165.1 164.59 164.06
87 87.285 88.021 89.113 90.47 92 93.61 95.207 96.699 97.995 99 99.644 99.936 99.905 99.584 99 98.207 97.347 96.583 96.079 96 96.455 97.341 98.499 99.772 101 102.05 102.89 103.5 103.87 104 103.89 103.68 103.52 103.58 104 104.91 106.25 107.94 109.88 112 114.2 116.45 118.69 120.88 123 125 126.89 128.68 130.38 132 133.56 135.09 136.65 138.27 140 141.87 143.85 145.89 147.96 150 151.98 153.88 155.68 157.4 159 160.49 161.84 163.05 164.11 165 165.71 166.26 166.64 166.89 167 166.99 166.88 166.66 166.37 166 165.57 165.1 164.59 164.06
87 87.285 88.021 89.113 90.47 92 93.61 95.207 96.699 97.995 99 99.644 99.936 99.905 99.584 99 98.207 97.347 96.583 96.079 96 96.455 97.341 98.499 99.772 101 102.05 102.89 103.5 103.87 104 103.89 103.68 103.52 103.58 104 104.91 106.25 107.94 109.88 112 114.2 116.45 118.69 120.88 123 125 126.89 128.68 130.38 132 133.56 135.09 136.65 138.27 140 141.87 143.85 145.89 147.96 150 151.98 153.88 155.68 157.4 159 160.49 161.84 163.05 164.11 165 165.71 166.26 166.64 166.89 167 166.99 166.88 166.66 166.37 166 165.57 165.1 164.59 164.06
87 87.285 88.021 89.113 90.47 92 93.61 95.207 96.699 97.995 99 99.644 99.936 99.905 99.584 99 98.207 97.347 96.583 96.079 96 96.455 97.341 98.499 99.772 101 102.05 102.89 103.5 103.87 104 103.89 103.68 103.52 103.58 104 104.91 106.25 107.94 109.88 112 114.2 116.45 118.69 120.88 123 125 126.89 128.68 130.38 132 133.56 135.09 136.65 138.27 140 141.87 143.85 145.89 147.96 150 151.98 153.88 155.68 157.4 159 160.49 161.84 163.05 164.11 165 165.71 166.26 166.64 166.89 167 166.99 166.88 166.66 166.37 166 165.57 165.1 164.59 164.06
87 87.285 88.021 89.113 90.47 92 93.61 95.207 96.699 97.995 99 99.644 99.936 99.905 99.584 99 98.207 97.347 96.583 96.079 96 96.455 97.341 98.499 99.772 101 102.05 102.89 103.5 103.87 104 103.89 103.68 103.52 103.58 104 104.91 106.25 107.94 109.88 112 114.2 116.45 118.69 120.88 123 125 126.89 128.68 130.38 132 133.56 135.09 136.65 138.27 140 141.87 143.85 145.89 147.96 150 151.98 153.88 155.68 157.4 159 160.49 161.84 163.05 164.11 165 165.71 166.26 166.64 166.89 167 166.99 166.88 166.66 166.37 166 165.57 165.1 164.59 164.06
87 87.285 88.021 89.113 90.47 92 93.61 95.207 96.699 97.995 99 99.644 99.936 99.905 99.584 99 98.207 97.347 96.583 96.079 96 96.455 97.341 98.499 99.772 101 102.05 102.89 103.5 103.87 104 103.89 103.68 103.52 103.58 104 104.91 106.25 107.94 109.88 112 114.2 116.45 118.69 120.88 123 125 126.89 128.68 130.38 132 133.56 135.09 136.65 138.27 140 141.87 143.85 145.89 147.96 150 151.98 153.88 155.68 157.4 159 160.49 161.84 163.05 164.11 165 165.71 166.26 166.64 166.89 167 166.99 166.88 166.66 166.37 166 165.57 165.1 164.59 164.06
87 87.285 88.021 89.113 90.47 92 93.61 95.207 96.699 97.995 99 99.644 99.936 99.905 99.584 99 98.207 97.347 96.583 96.079 96 96.455 97.341 98.499 99.772 101 102.05 102.89 103.5 103.87 104 103.89 103.68 103.52 103.58 104 104.91 106.25 107.94 109.88 112 114.2 116.45 118.69 120.88 123 125 126.89 128.68 130.38 132 133.56 135.09 136.65 138.27 140 141.87 143.85 145.89 147.96 150 151.98 153.88 155.68 157.4 159 160.49 161.84 163.05 164.11 165 165.71 166.26 166.64 166.89 167 166.99 166.88 166.66 166.37 166 165.57 165.1 164.59 164.06
87 87.285 88.021 89.113 90.47 92 93.61 95.207 96.699 97.995 99 99.644 99.936 99.905 99.584 99 98.207 97.347 96.583 96.079 96 96.455 97.341 98.499 99.772 101 102.05 102.89 103.5 103.87 104 103.89 103.68 103.52 103.58 104 104.91 106.25 107.94 109.88 112 114.2 116.45 118.69 120.88 123 125 126.89 128.68 130.38 132 133.56 135.09 136.65 138.27 140 141.87 143.85 145.89 147.96 150 151.98 153.88 155.68 157.4 159 160.49 161.84 163.05 164.11 165 165.71 166.26 166.64 166.89 167 166.99 166.88 166.66 166.37 166 165.57 165.1 164.59 164.06
87 87.285 88.021 89.113 90.47 92 93.61 95.207 96.699 97.995 99 99.644 99.936 99.905 99.584 99 98.207 97.347 96.583 96.079 96 96.455 97.341 98.499 99.772 101 102.05 102.89 103.5 103.87 104 103.89 103.68 103.52 103.58 104 104.91 106.25 107.94 109.88 112 114.2 116.45 118.69 120.88 123 125 126.89 128.68 130.38 132 133.56 135.09 136.65 138.27 140 141.87 143.85 145.89 147.96 150 151.98 153.88 155.68 157.4 159 160.49 161.84 163.05 164.11 165 165.71 166.26 166.64 166.89 167 166.99 166.88 166.66 166.37 166 165.57 165.1 164.59 164.06
87 87.285 88.021 89.113 90.47 92 93.61 95.207 96.699 97.995 99 99.644 99.936 99.905 99.584 99 98.207 97.347 96.583 96.079 96 96.455 97.341 98.499 99.772 101 102.05 102.89 103.5 103.87 104 103.89 103.68 103.52 103.58 104 104.91 106.25 107.94 109.88 112 114.2 116.45 118.69 120.88 123 125 126.89 128.68 130.38 132 133.56 135.09 136.65 138.27 140 141.87 143.85 145.89 147.96 150 151.98 153.88 155.68 157.4 159 160.49 161.84 163.05 164.11 165 165.71 166.26 166.64 166.89 167 166.99 166.88 166.66 166.37 166 165.57 165.1 164.59 164.06
87 87.285 88.021 89.113 90.47 92 93.61 95.207 96.699 97.995 99 99.644 99.936 99.905 99.584 99 98.207 97.347 96.583 96.079 96 96.455 97.341 98.499 99.772 101 102.05 102.89 103.5 103.87 104 103.89 103.68 103.52 103.58 104 104.91 106.25 107.94 109.88 112 114.2 116.45 118.69 120.88 123 125 126.89 128.68 130.38 132 133.56 135.09 136.65 138.27 140 141.87 143.85 145.89 147.96 150 151.98 153.88 155.68 157.4 159 160.49 161.84 163.05 164.11 165 165.71 166.26 166.64 166.89 167 166.99 166.88 166.66 166.37 166 165.57 165.1 164.59 164.06
87 87.285 88.021 89.113 90.47 92 93.61 95.207 96.699 97.995 99 99.644 99.936 99.905 99.584 99 98.207 97.347 96.583 96.079 96 96.455 97.341 98.499 99.772 101 102.05 102.89 103.5 103.87 104 103.89 103.68 103.52 103.58 104 104.91 106.25 107.94 109.88 112 114.2 116.45 118.69 120.88 123 125 126.89 128.68 130.38 132 133.56 135.09 136.65 138.27 140 141.87 143.85 145.89 147.96 150 151.98 153.88 155.68 157.4 159 160.49 161.84 163.05 164.11 165 165.71 166.26 166.64 166.89 167 166.99 166.88 166.66 166.37 166 165.57 165.1 164.59 164.06
87 87.285 88.021 89.113 90.47 92 93.61 95.207 96.699 97.995 99 99.644 99.936 99.905 99.584 99 98.207 97.347 96.583 96.079 96 96.455 97.341 98.499 99.772 101 102.05 102.89 103.5 103.87 104 103.89 103.68 103.52 103.58 104 104.91 106.25 107.94 109.88 112 114.2 116.45 118.69 120.88 123 125 126.89 128.68 130.38 132 133.56 135.09 136.65 138.27 140 141.87 143.85 145.89 147.96 150 151.98 153.88 155.68 157.4 159 160.49 161.84 163.05 164.11 165 165.71 166.26 166.64 166.89 167 166.99 166.88 166.66 166.37 166 165.57 165.1 164.59 164.06
87 87.285 88.021 89.113 90.47 92 93.61 95.207 96.699 97.995 99 99.644 99.936 99.905 99.584 99 98.207 97.347 96.583 96.079 96 96.455 97.341 98.499 99.772 101 102.05 102.89 103.5 103.87 104 103.89 103.68 103.52 103.58 104 104.91 106.25 107.94 109.88 112 114.2 116.45 118.69 120.88 123 125 126.89 128.68 130.38 132 133.56 135.09 136.65 138.27 140 141.87 143.85 145.89 147.96 150 151.98 153.88 155.68 157.4 159 160.49 161.84 163.05 164.11 165 165.71 166.26 166.64 166.89 167 166.99 166.88 166.66 166.37 166 165.57 165.1 164.59 164.06
87 87.285 88.021 89.113 90.47 92 93.61 95.207 96.699 97.995 99 99.644 99.936 99.905 99.584 99 98.207 97.347 96.583 96.079 96 96.455 97.341 98.499 99.772 101 102.05 102.89 103.5 103.87 104 103.89 103.68 103.52 103.58 104 104.91 106.25 107.94 109.88 112 114.2 116.45 118.69 120.88 123 125 126.89 128.68 130.38 132 133.56 135.09 136.65 138.27 140 141.87 143.85 145.89 147.96 150 151.98 153.88 155.68 157.4 159 160.49 161.84 163.05 164.11 165 165.71 166.26 166.64 166.89 167 166.99 166.88 166.66 166.37 166 165.57 165.1 164.59 164.06
87 87.285 88.021 89.113 90.47 92 93.61 95.207 96.699 97.995 99 99.644 99.936 99.905 99.584 99 98.207 97.347 96.583 96.079 96 96.455 97.341 98.499 99.772 101 102.05 102.89 103.5 103.87 104 103.89 103.68 103.52 103.58 104 104.91 106.25 107.94 109.88 112 114.2 116.45 118.69 120.88 123 125 126.89 128.68 130.38 132 133.56 135.09 136.65 138.27 140 141.87 143.85 145.89 147.96 150 151.98 153.88 155.68 157.4 159 160.49 161.84 163.05 164.11 165 165.71 166.26 166.64 166.89 167 166.99 166.88 166.66 166.37 166 165.57 165.1 164.59 164.06
87 87.285 88.021 89.113 90.47 92 93.61 95.207 96.699 97.995 99 99.644 99.936 99.905 99.584 99 98.207 97.347 96.583 96.079 96 96.455 97.341 98.499 99.772 101 102.05 102.89 103.5 103.87 104 103.89 103.68 103.52 103.58 104 104.91 106.25 107.94 109.88 112 114.2 116.45 118.69 120.88 123 125 126.89 128.68 130.38 132 133.56 135.09 136.65 138.27 140 141.87 143.85 145.89 147.96 150 151.98 153.88 155.68 157.4 159 160.49 161.84 163.05 164.11 165 165.71 166.26 166.64 166.89 167 166.99 166.88 166.66 166.37 166 165.57 165.1 164.59 164.06
87 87.285 88.021 89.113 90.47 92 93.61 95.207 96.699 97.995 99 99.644 99.936 99.905 99.584 99 98.207 97.347 96.583 96.079 96 96.455 97.341 98.499 99.772 101 102.05 102.89 103.5 103.87 104 103.89 103.68 103.52 103.58 104 104.91 106.25 107.94 109.88 112 114.2 116.45 118.69 120.88 123 125 126.89 128.68 130.38 132 133.56 135.09 136.65 138.27 140 141.87 143.85 145.89 147.96 150 151.98 153.88 155.68 157.4 159 160.49 161.84 163.05 164.11 165 165.71 166.26 166.64 166.89 167 166.99 166.88 166.66 166.37 166 165.57 165.1 164.59 164.06
87 87.285 88.021 89.113 90.47 92 93.61 95.207 96.699 97.995 99 99.644 99.936 99.905 99.584 99 98.207 97.347 96.583 96.079 96 96.455 97.341 98.499 99.772 101 102.05 102.89 103.5 103.87 104 103.89 103.68 103.52 103.58 104 104.91 106.25 107.94 109.88 112 114.2 116.45 118.69 120.88 123 125 126.89 128.68 130.38 132 133.56 135.09 136.65 138.27 140 141.87 143.85 145.89 147.96 150 151.98 153.88 155.68 157.4 159 160.49 161.84 163.05 164.11 165 165.71 166.26 166.64 166.89 167 166.99 166.88 166.66 166.37 166 165.57 165.1 164.59 164.06
87 87.285 88.021 89.113 90.47 92 93.61 95.207 96.699 97.995 99 99.644 99.936 99.905 99.584 99 98.207 97.347 96.583 96.079 96 96.455 97.341 98.499 99.772 101 102.05 102.89 103.5 103.87 104 103.89 103.68 103.52 103.58 104 104.91 106.25 107.94 109.88 112 114.2 116.45 118.69 120.88 123 125 126.89 128.68 130.38 132 133.56 135.09 136.65 138.27 140 141.87 143.85 145.89 147.96 150 151.98 153.88 155.68 157.4 159 160.49 161.84 163.05 164.11 165 165.71 166.26 166.64 166.89 167 166.99 166.88 166.66 166.37 166 165.57 165.1 164.59 164.06
87 87.285 88.021 89.113 90.47 92 93.61 95.207 96.699 97.995 99 99.644 99.936 99.905 99.584 99 98.207 97.347 96.583 96.079 96 96.455 97.341 98.499 99.772 101 102.05 102.89 103.5 103.87 104 103.89 103.68 103.52 103.58 104 104.91 106.25 107.94 109.88 112 114.2 116.45 118.69 120.88 123 125 126.89 128.68 130.38 132 133.56 135.09 136.65 138.27 140 141.87 143.85 145.89 147.96 150 151.98 153.88 155.68 157.4 159 160.49 161.84 163.05 164.11 165 165.71 166.26 166.64 166.89 167 166.99 166.88 166.66 166.37 166 165.57 165.1 164.59 164.06
87 87.285 88.021 89.113 90.47 92 93.61 95.207 96.699 97.995 99 99.644 99.936 99.905 99.584 99 98.207 97.347 96.583 96.079 96 96.455 97.341 98.499 99.772 101 102.05 102.89 103.5 103.87 104 103.89 103.68 103.52 103.58 104 104.91 106.25 107.94 109.88 112 114.2 116.45 118.69 120.88 123 125 126.89 128.68 130.38 132 133.56 135.09 136.65 138.27 140 141.87 143.85 145.89 147.96 150 151.98 153.88 155.68 157.4 159 160.49 161.84 163.05 164.11 165 165.71 166.26 166.64 166.89 167 166.99 166.88 166.66 166.37 166 165.57 165.1 164.59 164.06
87 87.285 88.021 89.113 90.47 92 93.61 95.207 96.699 97.995 99 99.644 99.936 99.905 99.584 99 98.207 97.347 96.583 96.079 96 96.455 97.341 98.499 99.772 101 102.05 102.89 103.5 103.87 104 103.89 103.68 103.52 103.58 104 104.91 106.25 107.94 109.88 112 114.2 116.45 118.69 120.88 123 125 126.89 128.68 130.38 132 133.56 135.09 136.65 138.27 140 141.87 143.85 145.89 147.96 150 151.98 153.88 155.68 157.4 159 160.49 161.84 163.05 164.11 165 165.71 166.26 166.64 166.89 167 166.99 166.88 166.66 166.37 166 165.57 165.1 164.59 164.06
87 87.285 88.021 89.113 90.47 92 93.61 95.207 96.699 97.995 99 99.644 99.936 99.905 99.584 99 98.207 97.347 96.583 96.079 96 96.455 97.341 98.499 99.772 101 102.05 102.89 103.5 103.87 104 103.89 103.68 103.52 103.58 104 104.91 106.25 107.94 109.88 112 114.2 116.45 118.69 120.88 123 125 126.89 128.68 130.38 132 133.56 135.09 136.65 138.27 140 141.87 143.85 145.89 147.96 150 151.98 153.88 155.68 157.4 159 160.49 161.84 163.05 164.11 165 165.71 166.26 166.64 166.89 167 166.99 166.88 166.66 166.37 166 165.57 165.1 164.59 164.06
87 87.285 88.021 89.113 90.47 92 93.61 95.207 96.699 97.995 99 99.644 99.936 99.905 99.584 99 98.207 97.347 96.583 96.079 96 96.455 97.341 98.499 99.772 101 102.05 102.89 103.5 103.87 104 103.89 103.68 103.52 103.58 104 104.91 106.25 107.94 109.88 112 114.2 116.45 118.69 120.88 123 125 126.89 128.68 130.38 132 133.56 135.09 136.65 138.27 140 141.87 143.85 145.89 147.96 150 151.98 153.88 155.68 157.4 159 160.49 161.84 163.05 164.11 165 165.71 166.26 166.64 166.89 167 166.99 166.88 166.66 166.37 166 165.57 165.1 164.59 164.06
87 87.285 88.021 89.113 90.47 92 93.61 95.207 96.699 97.995 99 99.644 99.936 99.905 99.584 99 98.207 97.347 96.583 96.079 96 96.455 97.341 98.499 99.772 101 102.05 102.89 103.5 103.87 104 103.89 103.68 103.52 103.58 104 104.91 106.25 107.94 109.88 112 114.2 116.45 118.69 120.88 123 125 126.89 128.68 130.38 132 133.56 135.09 136.65 138.27 140 141.87 143.85 145.89 147.96 150 151.98 153.88 155.68 157.4 159 160.49 161.84 163.05 164.11 165 165.71 166.26 166.64 166.89 167 166.99 166.88 166.66 166.37 166 165.57 165.1 164.59 164.06
87 87.285 88.021 89.113 90.47 92 93.61 95.207 96.699 97.995 99 99.644 99.936 99.905 99.584 99 98.207 97.347 96.583 96.079 96 96.455 97.341 98.499 99.772 101 102.05 102.89 103.5 103.87 104 103.89 103.68 103.52 103.58 104 104.91 106.25 107.94 109.88 112 114.2 116.45 118.69 120.88 123 125 126.89 128.68 130.38 132 133.56 135.09 136.65 138.27 140 141.87 143.85 145.89 147.96 150 151.98 153.88 155.68 157.4 159 160.49 161.84 163.05 164.11 165 165.71 166.26 166.64 166.89 167 166.99 166.88 166.66 166.37 166 165.57 165.1 164.59 164.06
87 87.285 88.021 89.113 90.47 92 93.61 95.207 96.699 97.995 99 99.644 99.936 99.905 99.584 99 98.207 97.347 96.583 96.079 96 96.455 97.341 98.499 99.772 101 102.05 102.89 103.5 103.87 104 103.89 103.68 103.52 103.58 104 104.91 106.25 107.94 109.88 112 114.2 116.45 118.69 120.88 123 125 126.89 128.68 130.38 132 133.56 135.09 136.65 138.27 140 141.87 143.85 145.89 147.96 150 151.98 153.88 155.68 157.4 159 160.49 161.84 163.05 164.11 165 165.71 166.26 166.64 166.89 167 166.99 166.88 166.66 166.37 166 165.57 165.1 164.59 164.06
87 87.285 88.021 89.113 90.47 92 93.61 95.207 96.699 97.995 99 99.644 99.936 99.905 99.584 99 98.207 97.347 96.583 96.079 96 96.455 97.341 98.499 99.772 101 102.05 102.89 103.5 103.87 104 103.89 103.68 103.52 103.58 104 104.91 106.25 107.94 109.88 112 114.2 116.45 118.69 120.88 123 125 126.89 128.68 130.38 132 133.56 135.09 136.65 138.27 140 141.87 143.85 145.89 147.96 150 151.98 153.88 155.68 157.4 159 160.49 161.84 163.05 164.11 165 165.71 166.26 166.64 166.89 167 166.99 166.88 166.66 166.37 166 165.57 165.1 164.59 164.06
87 87.285 88.021 89.113 90.47 92 93.61 95.207 96.699 97.995 99 99.644 99.936 99.905 99.584 99 98.207 97.347 96.583 96.079 96 96.455 97.341 98.499 99.772 101 102.05 102.89 103.5 103.87 104 103.89 103.68 103.52 103.58 104 104.91 106.25 107.94 109.88 112 114.2 116.45 118.69 120.88 123 125 126.89 128.68 130.38 132 133.56 135.09 136.65 138.27 140 141.87 143.85 145.89 147.96 150 151.98 153.88 155.68 157.4 159 160.49 161.84 163.05 164.11 165 165.71 166.26 166.64 166.89 167 166.99 166.88 166.66 166.37 166 165.57 165.1 164.59 164.06
87 87.285 88.021 89.113 90.47 92 93.61 95.207 96.699 97.995 99 99.644 99.936 99.905 99.584 99 98.207 97.347 96.583 96.079 96 96.455 97.341 98.499 99.772 101 102.05 102.89 103.5 103.87 104 103.89 103.68 103.52 103.58 104 104.91 106.25 107.94 109.88 112 114.2 116.45 118.69 120.88 123 125 126.89 128.68 130.38 132 133.56 135.09 136.65 138.27 140 141.87 143.85 145.89 147.96 150 151.98 153.88 155.68 157.4 159 160.49 161.84 163.05 164.11 165 165.71 166.26 166.64 166.89 167 166.99 166.88 166.66 166.37 166 165.57 165.1 164.59 164.06
87 87.285 88.021 89.113 90.47 92 93.61 95.207 96.699 97.995 99 99.644 99.936 99.905 99.584 99 98.207 97.347 96.583 96.079 96 96.455 97.341 98.499 99.772 101 102.05 102.89 103.5 103.87 104 103.89 103.68 103.52 103.58 104 104.91 106.25 107.94 109.88 112 114.2 116.45 118.69 120.88 123 125 126.89 128.68 130.38 132 133.56 135.09 136.65 138.27 140 141.87 143.85 145.89 147.96 150 151.98 153.88 155.68 157.4 159 160.49 161.84 163.05 164.11 165 165.71 166.26 166.64 166.89 167 166.99 166.88 166.66 166.37 166 165.57 165.1 164.59 164.06
87 87.285 88.021 89.113 90.47 92 93.61 95.207 96.699 97.995 99 99.644 99.936 99.905 99.584 99 98.207 97.347 96.583 96.079 96 96.455 97.341 98.499 99.772 101 102.05 102.89 103.5 103.87 104 103.89 103.68 103.52 103.58 104 104.91 106.25 107.94 109.88 112 114.2 116.45 118.69 120.88 123 125 126.89 128.68 130.38 132 133.56 135.09 136.65 138.27 140 141.87 143.85 145.89 147.96 150 151.98 153.88 155.68 157.4 159 160.49 161.84 163.05 164.11 165 165.71 166.26 166.64 166.89 167 166.99 166.88 166.66 166.37 166 165.57 165.1 164.59 164.06
